3.32002 3.34931 3.32463 2.96129 2.98373 2.9504 2.97795 3.02964 3.07529 3.01714 3.0598 3.75559 3.8274 3.62948 3.73948 3.71229 3.66954 3.61068 3.81303 3.45674 3.42326 3.35659 3.25965 3.29599 3.1521 3.0983 3.12854 3.13262 3.22121 3.15472 3.24572 3.39599
0.04107985423144036 0.06095568949939117 0.04885653999110643 0.11592644274544442 0.11792629825807661 0.0901458219406618 0.09395255109773251 0.09856995158479363 0.1206420122209522 0.09639945340779037 0.09458283028237353 0.06287836373776325 0.06052354045953342 0.047480110609786734 0.05808663898938295 0.07845786884745963 0.0742129157568792 0.07556112133347659 0.06401831092458288 0.05941620974744629 0.07075303704076183 0.07074200395839063 0.07018479316160087 0.07276209871129596 0.0710510566313561 0.07153377380512099 0.06891514278805706 0.08042599662702064 0.07722724734470961 0.08098632547012229 0.0672236663140714 0.08424729124191344
0.38700340354849183 0.3758291347386819 0.3703792367103925 0.32420537264747723 0.31481214970526844 0.35024510464105973 0.35344427065522405 0.33310748880143437 0.31484060988057994 0.3367259311098558 0.3474357407781472 0.3780272702191605 0.3795013744691971 0.40138637250610104 0.3813321578612093 0.37874960429730925 0.3893365708090877 0.3872119359097401 0.3962991382194758 0.403572076141987 0.39338486731521066 0.38317264563655634 0.3883934381803249 0.3766003625469524 0.38470391127642056 0.37977355131274404 0.38681102622750557 0.38144999767485177 0.3891334858989463 0.38369898182891393 0.39201286243784983 0.3717104565555932
23.424474180607483 24.351590557923906 25.34796893830471 31.87175997677064 31.464398443588614 31.377549501002605 30.672036965038565 30.392055408870068 31.64695616613249 31.13649947208342 31.242065035976967 21.310201665865552 21.257105666990704 20.784849979002413 20.88863459908289 21.37358703181122 21.43615402303955 21.422822250076457 21.292816216501976 22.688807830815364 20.906801180907088 22.159399602762804 22.76046193267446 23.15756656639408 23.409350959605042 24.601713373529012 21.76357648464495 21.068040098823843 21.360398498296945 20.088099877585336 21.736827949979308 20.70794949359936
51.308736723470304 54.86058198957479 56.38098613692568 43.091199735064194 43.293952295660276 42.29403486358174 42.794231864726875 42.78969998846422 43.288421277044165 42.289769296121726 42.78866415745635 56.61865493829268 56.11309084741056 55.17114061265643 55.03324017126694 35.43430828286858 35.78321381657027 35.928977119532874 36.19763845520207 36.20735486989391 35.410760439254716 35.1777003302376 34.47717135497679 35.47711471039123 34.85052997292614 34.35587946404631 32.63107352956503 31.780699040522087 30.78230139342913 31.282120476770473 30.46997543165066 31.4699737126904
50.95220217353379 51.370465791763294 52.179853373563326 51.83674574768763 51.56791708925603 51.91547914864324 51.41127073652614 50.894199876129264 52.248578745946126 51.862732216132784 51.82213612064932 52.09016416335122 51.593511849936895 51.15877164448536 51.28830400619294 49.60774390062856 50.5522085985512 50.07568021825723 49.914836781184974 51.09966787832769 49.31598707965904 49.702687251887475 49.27825669563616 49.861285399787356 49.47756961017526 49.423402937340455 46.828530704145244 46.5373666933179 45.70069476865876 45.042552167516355 45.11546328247589 45.474242366926845
65.09086630279079 68.91326717454486 70.69063109138284 57.84411275037657 57.93311948789547 57.14423548186055 57.17052674192114 56.62599342932259 58.650714916549944 57.0994585360431 57.57763915613616 70.9751153480975 69.8581453872707 68.91529509937968 68.74060370847961 49.60774390062856 50.5522085985512 50.07568021825723 49.914836781184974 51.09966787832769 49.31598707965904 49.702687251887475 49.27825669563616 49.861285399787356 49.47756961017526 49.423402937340455 46.828530704145244 46.5373666933179 45.70069476865876 45.042552167516355 45.11546328247589 45.474242366926845
65.09086630279079 68.91326717454486 70.69063109138284 57.84411275037657 57.93311948789547 57.14423548186055 57.17052674192114 56.62599342932259 58.650714916549944 57.0994585360431 57.57763915613616 70.9751153480975 69.8581453872707 68.91529509937968 68.74060370847961 49.60774390062856 50.5522085985512 50.07568021825723 49.914836781184974 51.09966787832769 49.31598707965904 49.702687251887475 49.27825669563616 49.861285399787356 49.47756961017526 49.423402937340455 46.828530704145244 46.5373666933179 45.70069476865876 45.042552167516355 45.11546328247589 45.474242366926845
2.40438 2.44119 2.44544 2.31364 2.34231 3.49501 2.29146 2.31736 2.36493 2.32135 2.33115 2.87097 2.59288 2.53217 2.55255 2.60534 2.59764 2.54576 2.61953 2.456 2.45221 2.47387 2.42908 2.47038 2.38657 2.4007 2.35416 2.34635 2.41187 2.34334 2.64885 2.54394
0.09677544246500681 0.12582031503314714 0.08894672468856767 0.09514852861192821 0.0937075859845835 0.06249377823377228 0.09676574609127297 0.09836856953044401 0.09553416656062512 0.08757890981302349 0.09681206627300346 0.11018777522502947 0.09217711280535003 0.10391644442528394 0.1126083688736877 0.09803246381744281 0.09189030716004642 0.09259957290116798 0.08373190823510444 0.08457191550621233 0.08603430476500519 0.08803666010181849 0.08937208858948546 0.09414507538639626 0.09608203971016849 0.09989112924940241 0.08329400385777903 0.09313956237916304 0.08532762683432747 0.08976728135926107 0.08555194991944975 0.08755332414994209
0.24870513593735782 0.24551716315505323 0.23295528461479117 0.20488474693639172 0.1968683769053218 0.22498534241401644 0.22065356444042164 0.2175667880672217 0.1906478008399444 0.21742941595440413 0.22123378847705685 0.24321559408077356 0.25442600958444095 0.2592405543827971 0.25484754520282943 0.25490655895714703 0.2570538986549015 0.25172782643427405 0.24754983090237187 0.2608916800019279 0.2621906595717092 0.24450480745052622 0.24460216266740537 0.23962354343078837 0.24406428235533884 0.23729442942131881 0.24745147540424942 0.245226014101355 0.2561771148361509 0.2537530006520733 0.25554694826744817 0.24467856674548225
19.829810503540322 21.47068141470368 22.707607531003216 23.224045904433368 23.073395246570634 31.551548189016973 21.20375470189711 21.39920779455009 25.412492580403246 21.218126393258306 22.66274398071483 20.205713788980763 18.45860599837393 18.575960168902263 19.787660863341518 21.69286967300712 20.737672634151366 19.52369538740613 19.84717685431074 17.815236464869812 16.15513899996118 20.529870391153974 18.83594931773946 20.986280931317932 19.605702836623188 22.34057649702037 17.31312108138829 17.935584339877717 17.278706371423723 16.700592911066405 17.24396794030497 18.054702265485425
51.30858800700828 54.860416145960166 56.380806871690105 43.091059294805724 43.2938257218945 42.29388741087874 42.79409596993664 42.78956371931379 43.28827172496612 42.28964605928156 42.788529708746395 56.61846212366481 56.11288961166943 55.17096897038603 55.03304491754615 35.43419541880876 35.78308754853435 35.92887115393815 36.19752423077194 36.20722643503127 35.41061452403416 35.177561820185176 34.47706721289512 35.477001761672575 34.850417835466146 34.35576087896242 32.6309758245894 31.780613059585107 30.7821768704927 31.28198925282032 30.469876257469924 31.469859200379915
40.92479822700011 43.832097447796635 45.24372274474032 39.74460572906865 41.62992984156647 50.99416264562772 39.52920001011677 39.64592166637566 43.400292816662116 40.97925332059887 40.5010589713111 43.68577295592765 40.9154590179093 42.006968277642464 42.56069732635767 40.50806020728058 40.77044687866908 40.71272324010006 41.144095472868315 39.00062451922878 37.2251592329507 41.01684825333122 38.08525009105533 40.88155436412704 38.39208954235538 39.485278607324 35.18508093587312 35.74833104127015 34.15659273616203 34.46274141831757 33.754812802458694 35.96489717488015
55.295553012025046 61.32480127368838 63.55422673961471 45.85278643842933 47.82828501263454 50.99416264562772 45.34094866062812 45.45185446690633 49.5923336672778 46.28561650636098 46.30667839037437 62.53755847254598 59.567102751977124 59.72775136453327 59.825034248156186 40.50806020728058 40.77044687866908 40.71272324010006 41.144095472868315 39.00062451922878 37.2251592329507 41.01684825333122 38.08525009105533 40.88155436412704 38.39208954235538 39.485278607324 35.18508093587312 35.74833104127015 34.15659273616203 34.46274141831757 33.754812802458694 35.96489717488015
55.295553012025046 61.32480127368838 63.55422673961471 45.85278643842933 47.82828501263454 50.99416264562772 45.34094866062812 45.45185446690633 49.5923336672778 46.28561650636098 46.30667839037437 62.53755847254598 59.567102751977124 59.72775136453327 59.825034248156186 40.50806020728058 40.77044687866908 40.71272324010006 41.144095472868315 39.00062451922878 37.2251592329507 41.01684825333122 38.08525009105533 40.88155436412704 38.39208954235538 39.485278607324 35.18508093587312 35.74833104127015 34.15659273616203 34.46274141831757 33.754812802458694 35.96489717488015
2.93351 2.95352 2.86855 2.34638 2.37017 2.38393 2.3711 2.38061 2.3923 2.40111 2.41021 2.55864 2.60925 2.56996 2.54895 2.45738 2.47256 2.41705 2.94614 2.43006 2.3999 2.42138 2.42633 2.45866 2.40347 2.37193 2.35747 2.39749 2.3371 2.32444 2.6433 2.362
0.10826956105906486 0.1407346292417064 0.10921310536691448 0.09031545777812347 0.09420988952599255 0.08901850128144265 0.10804571953547687 0.10716063667589645 0.08891268327582912 0.08636911133343822 0.09537967940621334 0.10469707478236125 0.08888552540478728 0.10041333640399917 0.10889007790007646 0.053784351395568024 0.04532159012902837 0.04497361230373147 0.04118613320261483 0.047046094301670095 0.04616326279021333 0.04699652939902417 0.05315049273435823 0.04670440807969399 0.04657257771844856 0.055536619427092114 0.04270176261688319 0.0483085302415006 0.049577006301757647 0.046813714555579325 0.04665570143062513 0.05381400651342897
0.1953779102734495 0.1932540553147119 0.1884591239705791 0.21203580755979742 0.2081823254539415 0.21439846215785066 0.20743133766301153 0.2071502543923667 0.21426997822883626 0.21646415476947234 0.22035786923524744 0.22347523046990275 0.22460206995908244 0.2226783371459677 0.22674125388857372 0.21424841366594805 0.22234646387285692 0.21502432970340424 0.22299160667880072 0.23244891042432222 0.2282371625230332 0.2285253650896332 0.21990066430448058 0.2044273442400669 0.19902494336183435 0.1817715859891552 0.15892648656988945 0.218828901256858 0.2340958843684703 0.2219133876208891 0.23361854034177987 0.215901069628902
29.656731878825337 30.037066037881573 32.32175720934782 27.483510601331442 27.761980503850594 28.08738137936886 27.55038241546048 28.330534163396187 29.24174714217904 29.31802310358554 28.296920639415134 28.161255692684012 26.19911111198667 25.958270212662875 27.395753520640195 25.237825441627923 22.698560527418092 23.049944084015927 23.298917164312087 20.75164134519664 20.38065881228671 23.775004030090493 22.869888277177452 24.94619469855468 25.913450589138623 26.163821686454888 20.253662716995954 23.455508439580676 21.412578719629135 22.815995866967434 21.493551980025956 24.617697941083335
51.30866581522338 54.86047079079058 56.380845871151365 43.09106811103731 43.293828330056755 42.293896778863285 42.794102917852776 42.78957153947077 43.28827398629426 42.28965824515183 42.788537887399706 56.61849717132465 56.11292166059593 55.17101043469278 55.03308086550927 35.434196512227885 35.78308805931727 35.928869478283936 36.19752508811812 36.20723170831828 35.41062072328326 35.177562948616384 34.477070023225835 35.4770061161318 34.85042166924165 34.35576037320163 32.6309827903997 31.780621576161543 30.782182474864076 31.281996801893246 30.469877451316577 31.469863471785708
49.7618260887745 50.530630443871836 51.53793552468136 48.19335017835762 48.22991510567822 48.746690616157004 47.4654304495392 47.47850139833463 49.70648458944257 49.66865047359725 48.433147837538634 51.67051625770888 50.045181128183586 49.83113589072577 51.75135600757082 47.185536201181 44.94840812556052 46.30957506629925 45.20065721960833 43.71756412045681 43.38732897569954 45.52219579916836 43.392494279949894 45.16088396535955 44.85501824540418 44.82861355761413 41.68845562059751 42.1022017140518 39.52012772507712 40.31912126217446 39.46306961520018 42.44440637754248
63.88274078505934 68.07697214524569 70.0464767446403 54.13979944605086 54.61294454261646 53.99633662737306 53.20576252896156 53.21301751478741 56.083329766134696 54.91946502081986 54.16735046599813 70.5711424142914 68.27394633158015 67.56923292103123 69.17020922764341 47.185536201181 44.94840812556052 46.30957506629925 45.20065721960833 43.71756412045681 43.38732897569954 45.52219579916836 43.392494279949894 45.16088396535955 44.85501824540418 44.82861355761413 41.68845562059751 42.1022017140518 39.52012772507712 40.31912126217446 39.46306961520018 42.44440637754248
63.88274078505934 68.07697214524569 70.0464767446403 54.13979944605086 54.61294454261646 53.99633662737306 53.20576252896156 53.21301751478741 56.083329766134696 54.91946502081986 54.16735046599813 70.5711424142914 68.27394633158015 67.56923292103123 69.17020922764341 47.185536201181 44.94840812556052 46.30957506629925 45.20065721960833 43.71756412045681 43.38732897569954 45.52219579916836 43.392494279949894 45.16088396535955 44.85501824540418 44.82861355761413 41.68845562059751 42.1022017140518 39.52012772507712 40.31912126217446 39.46306961520018 42.44440637754248
1.80117 1.80743 1.80883 1.80877 1.81056 1.80863 1.81263 1.81306 1.81465 1.81789 1.81291 1.82209 1.82305 1.82248 1.80878 1.80055 1.81657 1.80123 2.29481 1.83357 1.84631 1.83482 1.84395 1.85256 1.83399 1.82827 1.83319 1.82079 1.84267 1.83032 2.27245 1.82772
0.136963033777126 0.13789140519587237 0.1382638331327524 0.1344662243249262 0.1344662243249262 0.13411025453036352 0.13428961967489184 0.13428961967489184 0.1344662243249262 0.13411025453036352 0.13428961967489184 0.13838482131713253 0.1382638331327524 0.13801715586353833 0.13801715586353833 0.13126820730330613 0.13149421851279655 0.13149421851279655 0.13171631952844667 0.13171631952844667 0.13126820730330613 0.13126820730330613 0.13103818069134562 0.13149421851279655 0.13103818069134562 0.13080402961873436 0.13007567746434226 0.12956729730163455 0.12903942987628525 0.1293058696614806 0.12876783065961442 0.1293058696614806
0.22744192805290495 0.22744192805290495 0.22744192805290495 0.22744192805290495 0.22744192805290495 0.22744192805290495 0.22744192805290495 0.22744192805290495 0.22744192805290495 0.22744192805290495 0.22744192805290495 0.22744192805290495 0.22744192805290495 0.22744192805290495 0.22744192805290495 0.22744192805290495 0.22744192805290495 0.22744192805290495 0.22744192805290495 0.22744192805290495 0.22744192805290495 0.22744192805290495 0.22744192805290495 0.22744192805290495 0.22744192805290495 0.22744192805290495 0.22744192805290495 0.22744192805290495 0.22744192805290495 0.22744192805290495 0.22744192805290495 0.22744192805290495
18.48603444295649 18.48603444295649 18.48603444295649 18.48603444295649 18.48603444295649 18.48603444295649 18.48603444295649 18.48603444295649 18.48603444295649 18.48603444295649 18.48603444295649 18.48603444295649 18.48603444295649 18.48603444295649 18.48603444295649 18.48603444295649 18.48603444295649 18.48603444295649 18.48603444295649 18.48603444295649 18.48603444295649 18.48603444295649 18.48603444295649 18.48603444295649 18.48603444295649 18.48603444295649 18.48603444295649 18.48603444295649 18.48603444295649 18.48603444295649 18.48603444295649 18.48603444295649
51.30858800510121 54.860408839316044 56.38079959675588 43.09105929124482 43.2938209678018 42.29388740741185 42.79409596646976 42.78956371378423 43.28826596251916 42.289646053752 42.78852970587207 56.61845330130199 56.112889611334765 55.170960009641306 55.03303714006765 35.434188365403706 35.78307999470664 35.92886313485363 36.19752038494202 36.20722643452555 35.41061451856012 35.177556769492604 34.477063353081476 35.47699758774323 34.85041783356792 34.35575699813454 32.63097582452598 31.780613059423537 30.782173383627264 31.28198925265875 30.469873179220244 31.469859199074058
18.48603444295649 18.48603444295649 18.48603444295649 18.48603444295649 18.48603444295649 18.48603444295649 18.48603444295649 18.48603444295649 18.48603444295649 18.48603444295649 18.48603444295649 18.48603444295649 18.48603444295649 18.48603444295649 18.48603444295649 18.48603444295649 18.48603444295649 18.48603444295649 18.48603444295649 18.48603444295649 18.48603444295649 18.48603444295649 18.48603444295649 18.48603444295649 18.48603444295649 18.48603444295649 18.48603444295649 18.48603444295649 18.48603444295649 18.48603444295649 18.48603444295649 18.48603444295649
51.30858800510121 54.860408839316044 56.38079959675588 43.09105929124482 43.2938209678018 42.29388740741185 42.79409596646976 42.78956371378423 43.28826596251916 42.289646053752 42.78852970587207 56.61845330130199 56.112889611334765 55.170960009641306 55.03303714006765 35.434188365403706 35.78307999470664 35.92886313485363 36.19752038494202 36.20722643452555 35.41061451856012 35.177556769492604 34.477063353081476 35.47699758774323 34.85041783356792 34.35575699813454 32.63097582452598 31.780613059423537 30.782173383627264 31.28198925265875 30.469873179220244 31.469859199074058
69.7946224480577 73.34644328227256 74.86683403971239 61.5770937342013 61.77985541075829 60.77992185036834 61.28013040942625 61.27559815674071 61.77430040547564 60.77568049670849 61.27456414882856 75.10448774425849 74.59892405429127 73.65699445259783 73.51907158302417 53.920222808360194 54.26911443766312 54.41489757781011 54.683554827898504 54.69326087748203 53.896648961516604 53.66359121244909 52.96309779603796 53.96303203069971 53.3364522765244 52.84179144109102 51.11701026748247 50.266647502380025 49.26820782658375 49.76802369561524 48.955907622176724 49.955893642030546
