0.000 0.000 0.000 0.000 0.000 0.000 0.000 0.000 0.003 0.018 0.033 0.048 0.063 0.079 0.094 0.109 0.124 0.139 0.154 0.169 0.185 0.200 0.215 0.230 0.245 0.260 0.275 0.290 0.304 0.319 0.334 0.349 0.364 0.378 0.393 0.407 0.422 0.437 0.451 0.465 0.480 0.494 0.508 0.523 0.537 0.551 0.565 0.579 0.593 0.607 0.621 0.634 0.648 0.662 0.675 0.689 0.702 0.716 0.729 0.742
0.000 0.000 0.000 0.000 0.000 0.001 0.000 0.000 0.003 0.018 0.033 0.048 0.063 0.078 0.093 0.108 0.123 0.138 0.153 0.168 0.183 0.198 0.213 0.228 0.243 0.257 0.272 0.287 0.302 0.317 0.331 0.346 0.361 0.375 0.390 0.404 0.419 0.433 0.447 0.462 0.476 0.490 0.504 0.518 0.532 0.546 0.560 0.574 0.588 0.602 0.616 0.629 0.643 0.656 0.670 0.683 0.697 0.710 0.723 0.736
0.000 0.001 0.001 0.001 0.001 0.000 0.000 0.000 0.003 0.017 0.032 0.047 0.062 0.077 0.092 0.107 0.122 0.137 0.152 0.167 0.181 0.196 0.211 0.226 0.241 0.255 0.270 0.285 0.299 0.314 0.328 0.343 0.358 0.372 0.386 0.401 0.415 0.429 0.444 0.458 0.472 0.486 0.500 0.514 0.528 0.542 0.556 0.570 0.583 0.597 0.611 0.624 0.638 0.651 0.665 0.678 0.691 0.705 0.718 0.731
0.001 0.000 0.001 0.001 0.001 0.001 0.000 0.000 0.003 0.017 0.032 0.047 0.062 0.077 0.091 0.106 0.121 0.136 0.150 0.165 0.180 0.195 0.209 0.224 0.239 0.253 0.268 0.282 0.297 0.311 0.326 0.340 0.355 0.369 0.383 0.398 0.412 0.426 0.440 0.454 0.468 0.482 0.496 0.510 0.524 0.538 0.552 0.565 0.579 0.592 0.606 0.619 0.633 0.646 0.660 0.673 0.686 0.699 0.712 0.725
0.001 0.001 0.000 0.001 0.001 0.001 0.001 0.000 0.002 0.017 0.032 0.047 0.061 0.076 0.091 0.105 0.120 0.135 0.149 0.164 0.178 0.193 0.208 0.222 0.237 0.251 0.266 0.280 0.294 0.309 0.323 0.337 0.352 0.366 0.380 0.394 0.408 0.423 0.437 0.451 0.464 0.478 0.492 0.506 0.520 0.534 0.547 0.561 0.574 0.588 0.601 0.615 0.628 0.641 0.654 0.668 0.681 0.694 0.707 0.720
0.000 0.001 0.001 0.001 0.001 0.000 0.000 0.001 0.002 0.017 0.032 0.046 0.061 0.075 0.090 0.104 0.119 0.134 0.148 0.163 0.177 0.191 0.206 0.220 0.235 0.249 0.263 0.278 0.292 0.306 0.321 0.335 0.349 0.363 0.377 0.391 0.405 0.419 0.433 0.447 0.461 0.475 0.488 0.502 0.516 0.529 0.543 0.556 0.570 0.583 0.597 0.610 0.623 0.636 0.649 0.663 0.676 0.688 0.701 0.714
0.002 0.001 0.001 0.001 0.001 0.000 0.000 0.000 0.002 0.017 0.031 0.046 0.060 0.075 0.089 0.104 0.118 0.132 0.147 0.161 0.176 0.190 0.204 0.219 0.233 0.247 0.261 0.276 0.290 0.304 0.318 0.332 0.346 0.360 0.374 0.388 0.402 0.416 0.430 0.443 0.457 0.471 0.485 0.498 0.512 0.525 0.539 0.552 0.565 0.579 0.592 0.605 0.618 0.631 0.645 0.658 0.670 0.683 0.696 0.709
0.001 0.002 0.001 0.000 0.001 0.001 0.000 0.000 0.002 0.017 0.031 0.045 0.060 0.074 0.088 0.103 0.117 0.131 0.146 0.160 0.174 0.188 0.203 0.217 0.231 0.245 0.259 0.273 0.287 0.301 0.315 0.329 0.343 0.357 0.371 0.385 0.399 0.413 0.426 0.440 0.454 0.467 0.481 0.494 0.508 0.521 0.535 0.548 0.561 0.574 0.587 0.601 0.614 0.627 0.640 0.653 0.665 0.678 0.691 0.704
0.000 0.000 0.002 0.001 0.000 0.000 0.000 0.000 0.002 0.017 0.031 0.045 0.059 0.074 0.088 0.102 0.116 0.130 0.144 0.159 0.173 0.187 0.201 0.215 0.229 0.243 0.257 0.271 0.285 0.299 0.313 0.327 0.341 0.354 0.368 0.382 0.396 0.409 0.423 0.437 0.450 0.464 0.477 0.490 0.504 0.517 0.530 0.544 0.557 0.570 0.583 0.596 0.609 0.622 0.635 0.648 0.660 0.673 0.686 0.698
0.001 0.001 0.002 0.001 0.000 0.001 0.000 0.000 0.002 0.017 0.031 0.045 0.059 0.073 0.087 0.101 0.115 0.129 0.143 0.157 0.171 0.185 0.199 0.213 0.227 0.241 0.255 0.269 0.283 0.297 0.310 0.324 0.338 0.352 0.365 0.379 0.393 0.406 0.420 0.433 0.447 0.460 0.473 0.487 0.500 0.513 0.526 0.540 0.553 0.566 0.579 0.592 0.604 0.617 0.630 0.643 0.656 0.668 0.681 0.693
0.001 0.001 0.000 0.000 0.001 0.001 0.000 0.000 0.002 0.016 0.030 0.044 0.058 0.072 0.086 0.100 0.114 0.128 0.142 0.156 0.170 0.184 0.198 0.212 0.226 0.239 0.253 0.267 0.281 0.294 0.308 0.322 0.335 0.349 0.363 0.376 0.390 0.403 0.416 0.430 0.443 0.456 0.470 0.483 0.496 0.509 0.522 0.535 0.548 0.561 0.574 0.587 0.600 0.613 0.625 0.638 0.651 0.663 0.676 0.688
0.003 0.003 0.001 0.001 0.001 0.000 0.000 0.000 0.002 0.016 0.030 0.044 0.058 0.072 0.086 0.100 0.113 0.127 0.141 0.155 0.169 0.183 0.196 0.210 0.224 0.237 0.251 0.265 0.278 0.292 0.306 0.319 0.333 0.346 0.360 0.373 0.387 0.400 0.413 0.427 0.440 0.453 0.466 0.479 0.492 0.505 0.518 0.531 0.544 0.557 0.570 0.583 0.596 0.608 0.621 0.633 0.646 0.658 0.671 0.683
0.003 0.002 0.001 0.001 0.001 0.001 0.000 0.000 0.002 0.016 0.030 0.044 0.057 0.071 0.085 0.099 0.113 0.126 0.140 0.154 0.167 0.181 0.195 0.208 0.222 0.236 0.249 0.263 0.276 0.290 0.303 0.317 0.330 0.344 0.357 0.370 0.384 0.397 0.410 0.423 0.437 0.450 0.463 0.476 0.489 0.502 0.515 0.528 0.540 0.553 0.566 0.579 0.591 0.604 0.616 0.629 0.641 0.654 0.666 0.678
0.003 0.003 0.001 0.002 0.000 0.001 0.000 0.000 0.002 0.016 0.030 0.043 0.057 0.071 0.084 0.098 0.112 0.125 0.139 0.153 0.166 0.180 0.193 0.207 0.220 0.234 0.247 0.261 0.274 0.288 0.301 0.314 0.328 0.341 0.354 0.368 0.381 0.394 0.407 0.420 0.433 0.446 0.459 0.472 0.485 0.498 0.511 0.524 0.536 0.549 0.562 0.574 0.587 0.599 0.612 0.624 0.637 0.649 0.661 0.673
0.002 0.003 0.001 0.001 0.001 0.001 0.001 0.000 0.002 0.016 0.029 0.043 0.057 0.070 0.084 0.097 0.111 0.124 0.138 0.151 0.165 0.178 0.192 0.205 0.219 0.232 0.245 0.259 0.272 0.285 0.299 0.312 0.325 0.338 0.352 0.365 0.378 0.391 0.404 0.417 0.430 0.443 0.456 0.469 0.482 0.494 0.507 0.520 0.532 0.545 0.558 0.570 0.583 0.595 0.607 0.620 0.632 0.644 0.657 0.669
0.001 0.001 0.001 0.001 0.001 0.001 0.000 0.000 0.002 0.016 0.029 0.043 0.056 0.070 0.083 0.097 0.110 0.123 0.137 0.150 0.164 0.177 0.190 0.204 0.217 0.230 0.244 0.257 0.270 0.283 0.297 0.310 0.323 0.336 0.349 0.362 0.375 0.388 0.401 0.414 0.427 0.440 0.453 0.465 0.478 0.491 0.503 0.516 0.529 0.541 0.554 0.566 0.578 0.591 0.603 0.615 0.628 0.640 0.652 0.664
0.001 0.001 0.001 0.001 0.001 0.001 0.000 0.001 0.002 0.016 0.029 0.042 0.056 0.069 0.082 0.096 0.109 0.122 0.136 0.149 0.162 0.176 0.189 0.202 0.215 0.229 0.242 0.255 0.268 0.281 0.294 0.307 0.320 0.333 0.346 0.359 0.372 0.385 0.398 0.411 0.424 0.436 0.449 0.462 0.475 0.487 0.500 0.512 0.525 0.537 0.550 0.562 0.574 0.587 0.599 0.611 0.623 0.635 0.647 0.659
0.001 0.002 0.001 0.001 0.002 0.000 0.000 0.000 0.002 0.016 0.029 0.042 0.055 0.069 0.082 0.095 0.108 0.122 0.135 0.148 0.161 0.174 0.188 0.201 0.214 0.227 0.240 0.253 0.266 0.279 0.292 0.305 0.318 0.331 0.344 0.357 0.370 0.382 0.395 0.408 0.421 0.433 0.446 0.459 0.471 0.484 0.496 0.509 0.521 0.533 0.546 0.558 0.570 0.582 0.595 0.607 0.619 0.631 0.643 0.655
0.001 0.001 0.001 0.001 0.001 0.001 0.001 0.001 0.002 0.015 0.029 0.042 0.055 0.068 0.081 0.094 0.108 0.121 0.134 0.147 0.160 0.173 0.186 0.199 0.212 0.225 0.238 0.251 0.264 0.277 0.290 0.303 0.316 0.329 0.341 0.354 0.367 0.380 0.392 0.405 0.418 0.430 0.443 0.455 0.468 0.480 0.493 0.505 0.517 0.530 0.542 0.554 0.566 0.578 0.590 0.602 0.614 0.626 0.638 0.650
0.001 0.001 0.001 0.001 0.001 0.001 0.001 0.001 0.002 0.015 0.028 0.041 0.055 0.068 0.081 0.094 0.107 0.120 0.133 0.146 0.159 0.172 0.185 0.198 0.211 0.224 0.236 0.249 0.262 0.275 0.288 0.301 0.313 0.326 0.339 0.352 0.364 0.377 0.390 0.402 0.415 0.427 0.440 0.452 0.464 0.477 0.489 0.501 0.514 0.526 0.538 0.550 0.562 0.574 0.586 0.598 0.610 0.622 0.634 0.646
0.002 0.001 0.002 0.001 0.001 0.001 0.000 0.001 0.002 0.015 0.028 0.041 0.054 0.067 0.080 0.093 0.106 0.119 0.132 0.145 0.158 0.171 0.183 0.196 0.209 0.222 0.235 0.248 0.260 0.273 0.286 0.299 0.311 0.324 0.336 0.349 0.362 0.374 0.387 0.399 0.412 0.424 0.436 0.449 0.461 0.473 0.486 0.498 0.510 0.522 0.534 0.546 0.558 0.570 0.582 0.594 0.606 0.618 0.630 0.641
0.001 0.001 0.002 0.001 0.001 0.000 0.000 0.001 0.002 0.015 0.028 0.041 0.054 0.067 0.079 0.092 0.105 0.118 0.131 0.144 0.156 0.169 0.182 0.195 0.208 0.220 0.233 0.246 0.258 0.271 0.284 0.296 0.309 0.322 0.334 0.347 0.359 0.372 0.384 0.396 0.409 0.421 0.433 0.446 0.458 0.470 0.482 0.494 0.507 0.519 0.531 0.543 0.555 0.566 0.578 0.590 0.602 0.614 0.625 0.637
0.001 0.002 0.001 0.001 0.001 0.001 0.000 0.001 0.002 0.015 0.028 0.041 0.053 0.066 0.079 0.092 0.104 0.117 0.130 0.143 0.155 0.168 0.181 0.193 0.206 0.219 0.231 0.244 0.257 0.269 0.282 0.294 0.307 0.319 0.332 0.344 0.357 0.369 0.381 0.394 0.406 0.418 0.430 0.443 0.455 0.467 0.479 0.491 0.503 0.515 0.527 0.539 0.551 0.563 0.574 0.586 0.598 0.609 0.621 0.633
0.001 0.001 0.002 0.001 0.001 0.001 0.000 0.001 0.002 0.015 0.028 0.040 0.053 0.066 0.078 0.091 0.104 0.116 0.129 0.142 0.154 0.167 0.179 0.192 0.205 0.217 0.230 0.242 0.255 0.267 0.280 0.292 0.305 0.317 0.329 0.342 0.354 0.366 0.379 0.391 0.403 0.415 0.427 0.439 0.452 0.464 0.476 0.488 0.500 0.511 0.523 0.535 0.547 0.559 0.570 0.582 0.594 0.605 0.617 0.628
0.001 0.001 0.003 0.001 0.001 0.001 0.001 0.001 0.002 0.015 0.027 0.040 0.053 0.065 0.078 0.090 0.103 0.116 0.128 0.141 0.153 0.166 0.178 0.191 0.203 0.216 0.228 0.241 0.253 0.265 0.278 0.290 0.302 0.315 0.327 0.339 0.352 0.364 0.376 0.388 0.400 0.412 0.424 0.436 0.448 0.460 0.472 0.484 0.496 0.508 0.520 0.532 0.543 0.555 0.567 0.578 0.590 0.601 0.613 0.624
0.001 0.001 0.002 0.001 0.001 0.001 0.000 0.000 0.002 0.015 0.027 0.040 0.052 0.065 0.077 0.090 0.102 0.115 0.127 0.140 0.152 0.165 0.177 0.189 0.202 0.214 0.227 0.239 0.251 0.264 0.276 0.288 0.300 0.313 0.325 0.337 0.349 0.361 0.373 0.385 0.398 0.410 0.422 0.433 0.445 0.457 0.469 0.481 0.493 0.505 0.516 0.528 0.540 0.551 0.563 0.574 0.586 0.597 0.609 0.620
0.001 0.001 0.001 0.003 0.001 0.001 0.000 0.000 0.002 0.015 0.027 0.039 0.052 0.064 0.077 0.089 0.101 0.114 0.126 0.139 0.151 0.163 0.176 0.188 0.200 0.213 0.225 0.237 0.249 0.262 0.274 0.286 0.298 0.310 0.323 0.335 0.347 0.359 0.371 0.383 0.395 0.407 0.419 0.431 0.442 0.454 0.466 0.478 0.489 0.501 0.513 0.524 0.536 0.548 0.559 0.571 0.582 0.593 0.605 0.616
0.001 0.001 0.001 0.001 0.001 0.001 0.000 0.000 0.002 0.014 0.027 0.039 0.051 0.064 0.076 0.088 0.101 0.113 0.125 0.138 0.150 0.162 0.175 0.187 0.199 0.211 0.223 0.236 0.248 0.260 0.272 0.284 0.296 0.308 0.320 0.332 0.344 0.356 0.368 0.380 0.392 0.404 0.416 0.428 0.439 0.451 0.463 0.475 0.486 0.498 0.509 0.521 0.532 0.544 0.555 0.567 0.578 0.589 0.601 0.612
0.001 0.001 0.002 0.002 0.001 0.003 0.001 0.000 0.002 0.014 0.027 0.039 0.051 0.063 0.076 0.088 0.100 0.112 0.125 0.137 0.149 0.161 0.173 0.185 0.198 0.210 0.222 0.234 0.246 0.258 0.270 0.282 0.294 0.306 0.318 0.330 0.342 0.354 0.366 0.378 0.389 0.401 0.413 0.425 0.436 0.448 0.460 0.471 0.483 0.494 0.506 0.517 0.529 0.540 0.552 0.563 0.574 0.586 0.597 0.608
0.001 0.001 0.003 0.002 0.002 0.001 0.001 0.001 0.002 0.014 0.026 0.039 0.051 0.063 0.075 0.087 0.099 0.112 0.124 0.136 0.148 0.160 0.172 0.184 0.196 0.208 0.220 0.232 0.244 0.256 0.268 0.280 0.292 0.304 0.316 0.328 0.340 0.352 0.363 0.375 0.387 0.399 0.410 0.422 0.434 0.445 0.457 0.468 0.480 0.491 0.503 0.514 0.525 0.537 0.548 0.559 0.571 0.582 0.593 0.604
0.001 0.001 0.001 0.001 0.001 0.001 0.001 0.001 0.002 0.014 0.026 0.038 0.050 0.062 0.075 0.087 0.099 0.111 0.123 0.135 0.147 0.159 0.171 0.183 0.195 0.207 0.219 0.231 0.243 0.255 0.267 0.278 0.290 0.302 0.314 0.326 0.337 0.349 0.361 0.373 0.384 0.396 0.408 0.419 0.431 0.442 0.454 0.465 0.477 0.488 0.499 0.511 0.522 0.533 0.545 0.556 0.567 0.578 0.589 0.600
0.001 0.002 0.001 0.001 0.001 0.003 0.001 0.001 0.002 0.014 0.026 0.038 0.050 0.062 0.074 0.086 0.098 0.110 0.122 0.134 0.146 0.158 0.170 0.182 0.194 0.206 0.217 0.229 0.241 0.253 0.265 0.277 0.288 0.300 0.312 0.324 0.335 0.347 0.359 0.370 0.382 0.393 0.405 0.416 0.428 0.439 0.451 0.462 0.473 0.485 0.496 0.507 0.519 0.530 0.541 0.552 0.563 0.574 0.585 0.596
0.001 0.001 0.001 0.001 0.002 0.001 0.001 0.000 0.002 0.014 0.026 0.038 0.050 0.062 0.074 0.085 0.097 0.109 0.121 0.133 0.145 0.157 0.169 0.181 0.192 0.204 0.216 0.228 0.240 0.251 0.263 0.275 0.286 0.298 0.310 0.321 0.333 0.345 0.356 0.368 0.379 0.391 0.402 0.414 0.425 0.436 0.448 0.459 0.470 0.482 0.493 0.504 0.515 0.526 0.538 0.549 0.560 0.571 0.582 0.593
0.002 0.001 0.001 0.002 0.001 0.001 0.002 0.001 0.002 0.014 0.026 0.038 0.049 0.061 0.073 0.085 0.097 0.109 0.120 0.132 0.144 0.156 0.168 0.179 0.191 0.203 0.215 0.226 0.238 0.250 0.261 0.273 0.285 0.296 0.308 0.319 0.331 0.342 0.354 0.365 0.377 0.388 0.400 0.411 0.422 0.434 0.445 0.456 0.467 0.479 0.490 0.501 0.512 0.523 0.534 0.545 0.556 0.567 0.578 0.589
0.001 0.001 0.001 0.001 0.001 0.001 0.001 0.000 0.002 0.014 0.026 0.037 0.049 0.061 0.073 0.084 0.096 0.108 0.120 0.131 0.143 0.155 0.166 0.178 0.190 0.201 0.213 0.225 0.236 0.248 0.260 0.271 0.283 0.294 0.306 0.317 0.329 0.340 0.352 0.363 0.374 0.386 0.397 0.408 0.420 0.431 0.442 0.453 0.464 0.476 0.487 0.498 0.509 0.520 0.531 0.542 0.553 0.563 0.574 0.585
0.002 0.001 0.002 0.001 0.001 0.001 0.000 0.001 0.002 0.014 0.025 0.037 0.049 0.060 0.072 0.084 0.095 0.107 0.119 0.130 0.142 0.154 0.165 0.177 0.189 0.200 0.212 0.223 0.235 0.246 0.258 0.269 0.281 0.292 0.304 0.315 0.327 0.338 0.349 0.361 0.372 0.383 0.394 0.406 0.417 0.428 0.439 0.450 0.461 0.472 0.484 0.495 0.506 0.516 0.527 0.538 0.549 0.560 0.571 0.581
0.001 0.001 0.001 0.001 0.001 0.001 0.001 0.001 0.002 0.014 0.025 0.037 0.048 0.060 0.072 0.083 0.095 0.106 0.118 0.130 0.141 0.153 0.164 0.176 0.187 0.199 0.210 0.222 0.233 0.245 0.256 0.268 0.279 0.290 0.302 0.313 0.324 0.336 0.347 0.358 0.370 0.381 0.392 0.403 0.414 0.425 0.436 0.447 0.459 0.470 0.480 0.491 0.502 0.513 0.524 0.535 0.546 0.556 0.567 0.578
0.001 0.001 0.001 0.001 0.001 0.001 0.000 0.001 0.002 0.013 0.025 0.037 0.048 0.060 0.071 0.083 0.094 0.106 0.117 0.129 0.140 0.152 0.163 0.175 0.186 0.198 0.209 0.220 0.232 0.243 0.255 0.266 0.277 0.289 0.300 0.311 0.322 0.334 0.345 0.356 0.367 0.378 0.389 0.401 0.412 0.423 0.434 0.445 0.456 0.467 0.477 0.488 0.499 0.510 0.521 0.532 0.542 0.553 0.564 0.574
0.002 0.001 0.001 0.001 0.001 0.001 0.001 0.001 0.002 0.013 0.025 0.036 0.048 0.059 0.071 0.082 0.094 0.105 0.116 0.128 0.139 0.151 0.162 0.174 0.185 0.196 0.208 0.219 0.230 0.242 0.253 0.264 0.275 0.287 0.298 0.309 0.320 0.331 0.343 0.354 0.365 0.376 0.387 0.398 0.409 0.420 0.431 0.442 0.453 0.464 0.474 0.485 0.496 0.507 0.518 0.528 0.539 0.550 0.560 0.571
0.002 0.001 0.001 0.001 0.001 0.001 0.001 0.001 0.002 0.013 0.025 0.036 0.047 0.059 0.070 0.082 0.093 0.104 0.116 0.127 0.138 0.150 0.161 0.172 0.184 0.195 0.206 0.218 0.229 0.240 0.251 0.262 0.274 0.285 0.296 0.307 0.318 0.329 0.340 0.351 0.363 0.374 0.385 0.395 0.406 0.417 0.428 0.439 0.450 0.461 0.472 0.482 0.493 0.504 0.514 0.525 0.536 0.546 0.557 0.567
0.001 0.001 0.001 0.001 0.001 0.001 0.001 0.001 0.002 0.013 0.025 0.036 0.047 0.059 0.070 0.081 0.092 0.104 0.115 0.126 0.138 0.149 0.160 0.171 0.183 0.194 0.205 0.216 0.227 0.239 0.250 0.261 0.272 0.283 0.294 0.305 0.316 0.327 0.338 0.349 0.360 0.371 0.382 0.393 0.404 0.415 0.426 0.436 0.447 0.458 0.469 0.479 0.490 0.501 0.511 0.522 0.532 0.543 0.553 0.564
0.001 0.001 0.001 0.001 0.001 0.001 0.001 0.001 0.002 0.013 0.024 0.036 0.047 0.058 0.069 0.081 0.092 0.103 0.114 0.125 0.137 0.148 0.159 0.170 0.181 0.193 0.204 0.215 0.226 0.237 0.248 0.259 0.270 0.281 0.292 0.303 0.314 0.325 0.336 0.347 0.358 0.369 0.380 0.391 0.401 0.412 0.423 0.434 0.444 0.455 0.466 0.476 0.487 0.498 0.508 0.519 0.529 0.540 0.550 0.560
0.003 0.001 0.002 0.002 0.002 0.001 0.001 0.001 0.002 0.013 0.024 0.035 0.047 0.058 0.069 0.080 0.091 0.102 0.114 0.125 0.136 0.147 0.158 0.169 0.180 0.191 0.202 0.213 0.225 0.236 0.247 0.258 0.269 0.280 0.290 0.301 0.312 0.323 0.334 0.345 0.356 0.367 0.377 0.388 0.399 0.410 0.420 0.431 0.442 0.452 0.463 0.474 0.484 0.495 0.505 0.516 0.526 0.536 0.547 0.557
0.001 0.001 0.001 0.001 0.001 0.001 0.001 0.002 0.002 0.013 0.024 0.035 0.046 0.057 0.069 0.080 0.091 0.102 0.113 0.124 0.135 0.146 0.157 0.168 0.179 0.190 0.201 0.212 0.223 0.234 0.245 0.256 0.267 0.278 0.289 0.300 0.310 0.321 0.332 0.343 0.354 0.364 0.375 0.386 0.397 0.407 0.418 0.428 0.439 0.450 0.460 0.471 0.481 0.492 0.502 0.512 0.523 0.533 0.544 0.554
0.001 0.001 0.001 0.001 0.001 0.001 0.001 0.001 0.002 0.013 0.024 0.035 0.046 0.057 0.068 0.079 0.090 0.101 0.112 0.123 0.134 0.145 0.156 0.167 0.178 0.189 0.200 0.211 0.222 0.233 0.244 0.254 0.265 0.276 0.287 0.298 0.309 0.319 0.330 0.341 0.351 0.362 0.373 0.383 0.394 0.405 0.415 0.426 0.436 0.447 0.457 0.468 0.478 0.489 0.499 0.509 0.520 0.530 0.540 0.551
0.003 0.001 0.001 0.001 0.001 0.001 0.001 0.001 0.002 0.013 0.024 0.035 0.046 0.057 0.068 0.079 0.090 0.101 0.111 0.122 0.133 0.144 0.155 0.166 0.177 0.188 0.199 0.210 0.220 0.231 0.242 0.253 0.264 0.274 0.285 0.296 0.307 0.317 0.328 0.339 0.349 0.360 0.371 0.381 0.392 0.402 0.413 0.423 0.434 0.444 0.455 0.465 0.475 0.486 0.496 0.506 0.517 0.527 0.537 0.547
0.003 0.001 0.001 0.001 0.001 0.001 0.002 0.001 0.002 0.013 0.024 0.035 0.045 0.056 0.067 0.078 0.089 0.100 0.111 0.122 0.132 0.143 0.154 0.165 0.176 0.187 0.197 0.208 0.219 0.230 0.241 0.251 0.262 0.273 0.283 0.294 0.305 0.315 0.326 0.337 0.347 0.358 0.368 0.379 0.389 0.400 0.410 0.421 0.431 0.442 0.452 0.462 0.473 0.483 0.493 0.503 0.514 0.524 0.534 0.544
0.001 0.001 0.001 0.001 0.001 0.001 0.002 0.001 0.002 0.013 0.024 0.034 0.045 0.056 0.067 0.078 0.088 0.099 0.110 0.121 0.132 0.142 0.153 0.164 0.175 0.186 0.196 0.207 0.218 0.228 0.239 0.250 0.260 0.271 0.282 0.292 0.303 0.314 0.324 0.335 0.345 0.356 0.366 0.377 0.387 0.397 0.408 0.418 0.429 0.439 0.449 0.460 0.470 0.480 0.490 0.500 0.511 0.521 0.531 0.541
0.001 0.001 0.001 0.001 0.002 0.001 0.002 0.001 0.002 0.013 0.023 0.034 0.045 0.056 0.066 0.077 0.088 0.099 0.109 0.120 0.131 0.142 0.152 0.163 0.174 0.184 0.195 0.206 0.216 0.227 0.238 0.248 0.259 0.269 0.280 0.291 0.301 0.312 0.322 0.333 0.343 0.354 0.364 0.374 0.385 0.395 0.405 0.416 0.426 0.436 0.447 0.457 0.467 0.477 0.487 0.498 0.508 0.518 0.528 0.538
0.001 0.001 0.001 0.001 0.001 0.001 0.002 0.001 0.002 0.013 0.023 0.034 0.045 0.055 0.066 0.077 0.087 0.098 0.109 0.119 0.130 0.141 0.151 0.162 0.173 0.183 0.194 0.205 0.215 0.226 0.236 0.247 0.257 0.268 0.278 0.289 0.299 0.310 0.320 0.331 0.341 0.351 0.362 0.372 0.382 0.393 0.403 0.413 0.424 0.434 0.444 0.454 0.464 0.474 0.485 0.495 0.505 0.515 0.525 0.535
0.001 0.001 0.001 0.001 0.001 0.001 0.001 0.001 0.002 0.012 0.023 0.034 0.044 0.055 0.066 0.076 0.087 0.097 0.108 0.119 0.129 0.140 0.151 0.161 0.172 0.182 0.193 0.203 0.214 0.224 0.235 0.245 0.256 0.266 0.277 0.287 0.298 0.308 0.318 0.329 0.339 0.349 0.360 0.370 0.380 0.391 0.401 0.411 0.421 0.431 0.441 0.452 0.462 0.472 0.482 0.492 0.502 0.512 0.522 0.532
0.001 0.001 0.001 0.001 0.001 0.001 0.001 0.001 0.002 0.012 0.023 0.034 0.044 0.055 0.065 0.076 0.086 0.097 0.107 0.118 0.129 0.139 0.150 0.160 0.171 0.181 0.192 0.202 0.213 0.223 0.233 0.244 0.254 0.265 0.275 0.285 0.296 0.306 0.316 0.327 0.337 0.347 0.358 0.368 0.378 0.388 0.398 0.409 0.419 0.429 0.439 0.449 0.459 0.469 0.479 0.489 0.499 0.509 0.519 0.529
0.001 0.001 0.001 0.001 0.003 0.002 0.001 0.001 0.002 0.012 0.023 0.033 0.044 0.054 0.065 0.075 0.086 0.096 0.107 0.117 0.128 0.138 0.149 0.159 0.170 0.180 0.190 0.201 0.211 0.222 0.232 0.242 0.253 0.263 0.273 0.284 0.294 0.304 0.315 0.325 0.335 0.345 0.356 0.366 0.376 0.386 0.396 0.406 0.416 0.426 0.436 0.446 0.456 0.466 0.476 0.486 0.496 0.506 0.516 0.526
0.001 0.001 0.001 0.002 0.001 0.002 0.001 0.001 0.002 0.012 0.023 0.033 0.044 0.054 0.064 0.075 0.085 0.096 0.106 0.117 0.127 0.137 0.148 0.158 0.169 0.179 0.189 0.200 0.210 0.220 0.231 0.241 0.251 0.262 0.272 0.282 0.292 0.303 0.313 0.323 0.333 0.343 0.353 0.364 0.374 0.384 0.394 0.404 0.414 0.424 0.434 0.444 0.454 0.464 0.474 0.483 0.493 0.503 0.513 0.523
0.004 0.003 0.002 0.003 0.001 0.001 0.001 0.001 0.002 0.012 0.023 0.033 0.043 0.054 0.064 0.074 0.085 0.095 0.106 0.116 0.126 0.137 0.147 0.157 0.168 0.178 0.188 0.199 0.209 0.219 0.229 0.240 0.250 0.260 0.270 0.280 0.291 0.301 0.311 0.321 0.331 0.341 0.351 0.361 0.372 0.382 0.392 0.402 0.412 0.421 0.431 0.441 0.451 0.461 0.471 0.481 0.490 0.500 0.510 0.520
0.002 0.003 0.002 0.001 0.001 0.001 0.001 0.001 0.002 0.012 0.022 0.033 0.043 0.053 0.064 0.074 0.084 0.095 0.105 0.115 0.126 0.136 0.146 0.156 0.167 0.177 0.187 0.197 0.208 0.218 0.228 0.238 0.248 0.259 0.269 0.279 0.289 0.299 0.309 0.319 0.329 0.339 0.349 0.359 0.369 0.379 0.389 0.399 0.409 0.419 0.429 0.439 0.449 0.458 0.468 0.478 0.488 0.497 0.507 0.517
0.003 0.001 0.002 0.001 0.001 0.002 0.001 0.000 0.002 0.012 0.022 0.033 0.043 0.053 0.063 0.074 0.084 0.094 0.104 0.115 0.125 0.135 0.145 0.155 0.166 0.176 0.186 0.196 0.206 0.217 0.227 0.237 0.247 0.257 0.267 0.277 0.287 0.297 0.307 0.317 0.327 0.337 0.347 0.357 0.367 0.377 0.387 0.397 0.407 0.417 0.427 0.436 0.446 0.456 0.466 0.475 0.485 0.495 0.504 0.514
0.001 0.003 0.001 0.001 0.001 0.001 0.001 0.001 0.002 0.012 0.022 0.032 0.043 0.053 0.063 0.073 0.083 0.094 0.104 0.114 0.124 0.134 0.144 0.155 0.165 0.175 0.185 0.195 0.205 0.215 0.225 0.236 0.246 0.256 0.266 0.276 0.286 0.296 0.306 0.316 0.326 0.336 0.345 0.355 0.365 0.375 0.385 0.395 0.405 0.414 0.424 0.434 0.444 0.453 0.463 0.473 0.482 0.492 0.502 0.511
0.003 0.003 0.001 0.001 0.001 0.001 0.001 0.001 0.002 0.012 0.022 0.032 0.042 0.052 0.063 0.073 0.083 0.093 0.103 0.113 0.123 0.134 0.144 0.154 0.164 0.174 0.184 0.194 0.204 0.214 0.224 0.234 0.244 0.254 0.264 0.274 0.284 0.294 0.304 0.314 0.324 0.334 0.344 0.353 0.363 0.373 0.383 0.393 0.402 0.412 0.422 0.432 0.441 0.451 0.460 0.470 0.480 0.489 0.499 0.508
0.003 0.001 0.001 0.001 0.001 0.001 0.001 0.001 0.002 0.012 0.022 0.032 0.042 0.052 0.062 0.072 0.082 0.093 0.103 0.113 0.123 0.133 0.143 0.153 0.163 0.173 0.183 0.193 0.203 0.213 0.223 0.233 0.243 0.253 0.263 0.273 0.283 0.292 0.302 0.312 0.322 0.332 0.342 0.351 0.361 0.371 0.381 0.390 0.400 0.410 0.419 0.429 0.439 0.448 0.458 0.468 0.477 0.487 0.496 0.506
0.003 0.001 0.001 0.001 0.001 0.001 0.001 0.001 0.002 0.012 0.022 0.032 0.042 0.052 0.062 0.072 0.082 0.092 0.102 0.112 0.122 0.132 0.142 0.152 0.162 0.172 0.182 0.192 0.202 0.212 0.222 0.232 0.241 0.251 0.261 0.271 0.281 0.291 0.301 0.310 0.320 0.330 0.340 0.349 0.359 0.369 0.379 0.388 0.398 0.408 0.417 0.427 0.436 0.446 0.455 0.465 0.474 0.484 0.493 0.503
0.003 0.001 0.001 0.001 0.001 0.001 0.001 0.001 0.002 0.012 0.022 0.032 0.042 0.052 0.062 0.072 0.082 0.091 0.101 0.111 0.121 0.131 0.141 0.151 0.161 0.171 0.181 0.191 0.201 0.211 0.220 0.230 0.240 0.250 0.260 0.270 0.279 0.289 0.299 0.309 0.318 0.328 0.338 0.348 0.357 0.367 0.377 0.386 0.396 0.405 0.415 0.424 0.434 0.443 0.453 0.462 0.472 0.481 0.491 0.500
0.003 0.001 0.001 0.002 0.001 0.001 0.001 0.001 0.002 0.012 0.022 0.031 0.041 0.051 0.061 0.071 0.081 0.091 0.101 0.111 0.121 0.131 0.140 0.150 0.160 0.170 0.180 0.190 0.200 0.209 0.219 0.229 0.239 0.249 0.258 0.268 0.278 0.288 0.297 0.307 0.317 0.326 0.336 0.346 0.355 0.365 0.374 0.384 0.394 0.403 0.413 0.422 0.432 0.441 0.451 0.460 0.469 0.479 0.488 0.497
0.001 0.002 0.001 0.002 0.001 0.002 0.002 0.001 0.002 0.012 0.021 0.031 0.041 0.051 0.061 0.071 0.081 0.090 0.100 0.110 0.120 0.130 0.140 0.149 0.159 0.169 0.179 0.189 0.198 0.208 0.218 0.228 0.237 0.247 0.257 0.267 0.276 0.286 0.296 0.305 0.315 0.325 0.334 0.344 0.353 0.363 0.372 0.382 0.391 0.401 0.410 0.420 0.429 0.439 0.448 0.457 0.467 0.476 0.485 0.495
0.001 0.001 0.001 0.001 0.001 0.001 0.001 0.001 0.002 0.011 0.021 0.031 0.041 0.051 0.061 0.070 0.080 0.090 0.100 0.110 0.119 0.129 0.139 0.149 0.158 0.168 0.178 0.188 0.197 0.207 0.217 0.226 0.236 0.246 0.255 0.265 0.275 0.284 0.294 0.304 0.313 0.323 0.332 0.342 0.351 0.361 0.370 0.380 0.389 0.399 0.408 0.418 0.427 0.436 0.446 0.455 0.464 0.474 0.483 0.492
0.001 0.001 0.002 0.003 0.002 0.001 0.001 0.001 0.002 0.011 0.021 0.031 0.041 0.050 0.060 0.070 0.080 0.089 0.099 0.109 0.119 0.128 0.138 0.148 0.158 0.167 0.177 0.187 0.196 0.206 0.216 0.225 0.235 0.244 0.254 0.264 0.273 0.283 0.292 0.302 0.311 0.321 0.331 0.340 0.349 0.359 0.368 0.378 0.387 0.397 0.406 0.415 0.425 0.434 0.443 0.453 0.462 0.471 0.480 0.490
0.003 0.002 0.003 0.001 0.002 0.002 0.001 0.001 0.002 0.011 0.021 0.031 0.040 0.050 0.060 0.070 0.079 0.089 0.099 0.108 0.118 0.128 0.137 0.147 0.157 0.166 0.176 0.186 0.195 0.205 0.214 0.224 0.234 0.243 0.253 0.262 0.272 0.281 0.291 0.300 0.310 0.319 0.329 0.338 0.348 0.357 0.366 0.376 0.385 0.395 0.404 0.413 0.422 0.432 0.441 0.450 0.459 0.469 0.478 0.487
0.002 0.003 0.001 0.001 0.002 0.002 0.001 0.001 0.002 0.011 0.021 0.031 0.040 0.050 0.060 0.069 0.079 0.088 0.098 0.108 0.117 0.127 0.137 0.146 0.156 0.165 0.175 0.185 0.194 0.204 0.213 0.223 0.232 0.242 0.251 0.261 0.270 0.280 0.289 0.299 0.308 0.318 0.327 0.336 0.346 0.355 0.364 0.374 0.383 0.392 0.402 0.411 0.420 0.429 0.439 0.448 0.457 0.466 0.475 0.484
0.002 0.002 0.001 0.001 0.001 0.001 0.002 0.001 0.002 0.011 0.021 0.030 0.040 0.050 0.059 0.069 0.078 0.088 0.098 0.107 0.117 0.126 0.136 0.145 0.155 0.165 0.174 0.184 0.193 0.203 0.212 0.222 0.231 0.241 0.250 0.259 0.269 0.278 0.288 0.297 0.307 0.316 0.325 0.335 0.344 0.353 0.363 0.372 0.381 0.390 0.400 0.409 0.418 0.427 0.436 0.445 0.455 0.464 0.473 0.482
0.002 0.002 0.001 0.001 0.001 0.001 0.001 0.001 0.002 0.011 0.021 0.030 0.040 0.049 0.059 0.068 0.078 0.088 0.097 0.107 0.116 0.126 0.135 0.145 0.154 0.164 0.173 0.183 0.192 0.202 0.211 0.220 0.230 0.239 0.249 0.258 0.267 0.277 0.286 0.296 0.305 0.314 0.324 0.333 0.342 0.351 0.361 0.370 0.379 0.388 0.397 0.407 0.416 0.425 0.434 0.443 0.452 0.461 0.470 0.479
0.002 0.001 0.001 0.001 0.002 0.001 0.001 0.001 0.002 0.011 0.021 0.030 0.040 0.049 0.059 0.068 0.078 0.087 0.097 0.106 0.115 0.125 0.134 0.144 0.153 0.163 0.172 0.182 0.191 0.200 0.210 0.219 0.229 0.238 0.247 0.257 0.266 0.275 0.285 0.294 0.303 0.313 0.322 0.331 0.340 0.350 0.359 0.368 0.377 0.386 0.395 0.405 0.414 0.423 0.432 0.441 0.450 0.459 0.468 0.477
0.002 0.001 0.002 0.001 0.002 0.002 0.002 0.001 0.002 0.011 0.020 0.030 0.039 0.049 0.058 0.068 0.077 0.087 0.096 0.105 0.115 0.124 0.134 0.143 0.152 0.162 0.171 0.181 0.190 0.199 0.209 0.218 0.227 0.237 0.246 0.255 0.265 0.274 0.283 0.292 0.302 0.311 0.320 0.329 0.339 0.348 0.357 0.366 0.375 0.384 0.393 0.402 0.411 0.421 0.430 0.439 0.448 0.457 0.465 0.474
0.002 0.001 0.002 0.001 0.002 0.002 0.001 0.000 0.002 0.011 0.020 0.030 0.039 0.049 0.058 0.067 0.077 0.086 0.096 0.105 0.114 0.124 0.133 0.142 0.152 0.161 0.170 0.180 0.189 0.198 0.208 0.217 0.226 0.235 0.245 0.254 0.263 0.272 0.282 0.291 0.300 0.309 0.318 0.328 0.337 0.346 0.355 0.364 0.373 0.382 0.391 0.400 0.409 0.418 0.427 0.436 0.445 0.454 0.463 0.472
0.001 0.001 0.002 0.001 0.002 0.002 0.002 0.002 0.002 0.011 0.020 0.030 0.039 0.048 0.058 0.067 0.076 0.086 0.095 0.104 0.114 0.123 0.132 0.142 0.151 0.160 0.169 0.179 0.188 0.197 0.207 0.216 0.225 0.234 0.243 0.253 0.262 0.271 0.280 0.289 0.299 0.308 0.317 0.326 0.335 0.344 0.353 0.362 0.371 0.380 0.389 0.398 0.407 0.416 0.425 0.434 0.443 0.452 0.461 0.470
0.001 0.001 0.001 0.001 0.001 0.001 0.002 0.002 0.002 0.011 0.020 0.029 0.039 0.048 0.057 0.067 0.076 0.085 0.095 0.104 0.113 0.122 0.132 0.141 0.150 0.159 0.169 0.178 0.187 0.196 0.205 0.215 0.224 0.233 0.242 0.251 0.261 0.270 0.279 0.288 0.297 0.306 0.315 0.324 0.333 0.342 0.351 0.360 0.369 0.378 0.387 0.396 0.405 0.414 0.423 0.432 0.441 0.450 0.458 0.467
0.001 0.001 0.001 0.001 0.001 0.002 0.002 0.001 0.002 0.011 0.020 0.029 0.039 0.048 0.057 0.066 0.076 0.085 0.094 0.103 0.112 0.122 0.131 0.140 0.149 0.159 0.168 0.177 0.186 0.195 0.204 0.214 0.223 0.232 0.241 0.250 0.259 0.268 0.277 0.286 0.295 0.305 0.314 0.323 0.332 0.341 0.350 0.359 0.367 0.376 0.385 0.394 0.403 0.412 0.421 0.430 0.439 0.447 0.456 0.465
0.001 0.001 0.001 0.001 0.001 0.002 0.002 0.001 0.002 0.011 0.020 0.029 0.038 0.048 0.057 0.066 0.075 0.084 0.094 0.103 0.112 0.121 0.130 0.139 0.149 0.158 0.167 0.176 0.185 0.194 0.203 0.212 0.222 0.231 0.240 0.249 0.258 0.267 0.276 0.285 0.294 0.303 0.312 0.321 0.330 0.339 0.348 0.357 0.366 0.374 0.383 0.392 0.401 0.410 0.419 0.428 0.436 0.445 0.454 0.463
0.001 0.002 0.001 0.002 0.001 0.002 0.002 0.001 0.002 0.011 0.020 0.029 0.038 0.047 0.056 0.066 0.075 0.084 0.093 0.102 0.111 0.120 0.130 0.139 0.148 0.157 0.166 0.175 0.184 0.193 0.202 0.211 0.220 0.229 0.238 0.248 0.257 0.266 0.275 0.283 0.292 0.301 0.310 0.319 0.328 0.337 0.346 0.355 0.364 0.373 0.381 0.390 0.399 0.408 0.417 0.425 0.434 0.443 0.452 0.460
0.001 0.002 0.002 0.002 0.001 0.001 0.001 0.002 0.002 0.011 0.020 0.029 0.038 0.047 0.056 0.065 0.074 0.083 0.093 0.102 0.111 0.120 0.129 0.138 0.147 0.156 0.165 0.174 0.183 0.192 0.201 0.210 0.219 0.228 0.237 0.246 0.255 0.264 0.273 0.282 0.291 0.300 0.309 0.318 0.327 0.335 0.344 0.353 0.362 0.371 0.380 0.388 0.397 0.406 0.415 0.423 0.432 0.441 0.449 0.458
0.001 0.002 0.002 0.001 0.001 0.001 0.001 0.000 0.002 0.011 0.020 0.029 0.038 0.047 0.056 0.065 0.074 0.083 0.092 0.101 0.110 0.119 0.128 0.137 0.146 0.155 0.164 0.173 0.182 0.191 0.200 0.209 0.218 0.227 0.236 0.245 0.254 0.263 0.272 0.281 0.290 0.298 0.307 0.316 0.325 0.334 0.343 0.351 0.360 0.369 0.378 0.386 0.395 0.404 0.412 0.421 0.430 0.438 0.447 0.456
