0.000 0.000 0.000 0.000 0.000 0.000 0.000 0.011 0.250 0.889 0.980 1.004 1.013 1.017 1.019 1.021 1.021 1.021 1.021 1.021 1.021 1.020 1.020 1.019 1.018 1.017 1.016 1.015 1.014 1.013 1.012 1.011 1.009 1.008 1.007 1.005 1.004 1.002 1.000 0.999 0.997 0.995 0.994 0.992 0.990 0.988 0.986 0.984 0.982 0.980 0.978 0.975 0.973 0.971 0.969 0.966 0.964 0.962 0.959 0.957
0.000 0.000 0.000 0.000 0.000 0.036 0.014 0.003 0.095 0.554 0.783 0.884 0.934 0.960 0.976 0.986 0.992 0.996 0.999 1.001 1.003 1.004 1.004 1.004 1.004 1.004 1.004 1.003 1.002 1.002 1.001 1.000 0.999 0.998 0.996 0.995 0.994 0.992 0.991 0.989 0.988 0.986 0.984 0.983 0.981 0.979 0.977 0.975 0.973 0.971 0.969 0.967 0.965 0.963 0.961 0.958 0.956 0.954 0.952 0.949
0.000 0.018 0.012 0.022 0.019 0.011 0.009 0.002 0.058 0.374 0.600 0.741 0.825 0.877 0.911 0.933 0.948 0.959 0.967 0.973 0.977 0.980 0.983 0.985 0.986 0.987 0.987 0.988 0.988 0.988 0.987 0.987 0.986 0.985 0.984 0.983 0.982 0.981 0.980 0.979 0.977 0.976 0.974 0.973 0.971 0.970 0.968 0.966 0.964 0.962 0.960 0.958 0.956 0.954 0.952 0.950 0.948 0.946 0.943 0.941
0.023 0.008 0.022 0.009 0.026 0.012 0.004 0.002 0.042 0.277 0.472 0.616 0.717 0.786 0.835 0.870 0.895 0.913 0.927 0.937 0.946 0.952 0.957 0.961 0.964 0.966 0.968 0.969 0.970 0.971 0.971 0.972 0.972 0.971 0.971 0.970 0.970 0.969 0.968 0.967 0.966 0.965 0.963 0.962 0.961 0.959 0.958 0.956 0.954 0.953 0.951 0.949 0.947 0.945 0.943 0.941 0.939 0.937 0.935 0.933
0.014 0.013 0.005 0.012 0.010 0.009 0.007 0.006 0.032 0.218 0.383 0.517 0.621 0.700 0.759 0.803 0.836 0.862 0.882 0.897 0.909 0.919 0.927 0.933 0.939 0.943 0.946 0.949 0.951 0.953 0.954 0.955 0.956 0.956 0.956 0.956 0.956 0.956 0.955 0.954 0.954 0.953 0.952 0.951 0.950 0.948 0.947 0.946 0.944 0.943 0.941 0.939 0.938 0.936 0.934 0.932 0.930 0.928 0.926 0.924
0.004 0.016 0.013 0.006 0.009 0.004 0.003 0.006 0.026 0.179 0.320 0.441 0.542 0.623 0.687 0.738 0.777 0.809 0.834 0.854 0.870 0.883 0.894 0.903 0.911 0.917 0.922 0.926 0.929 0.932 0.935 0.936 0.938 0.939 0.940 0.941 0.941 0.941 0.941 0.941 0.940 0.940 0.939 0.939 0.938 0.937 0.936 0.935 0.933 0.932 0.931 0.929 0.928 0.926 0.924 0.923 0.921 0.919 0.917 0.915
0.015 0.010 0.006 0.008 0.010 0.004 0.003 0.001 0.022 0.151 0.273 0.382 0.477 0.556 0.622 0.676 0.720 0.756 0.786 0.810 0.830 0.846 0.860 0.871 0.881 0.889 0.896 0.902 0.906 0.910 0.914 0.917 0.919 0.921 0.923 0.924 0.925 0.926 0.926 0.926 0.927 0.926 0.926 0.926 0.925 0.925 0.924 0.923 0.922 0.921 0.920 0.918 0.917 0.916 0.914 0.913 0.911 0.910 0.908 0.906
0.006 0.016 0.012 0.004 0.004 0.006 0.002 0.004 0.019 0.131 0.237 0.336 0.423 0.500 0.565 0.620 0.667 0.706 0.738 0.766 0.789 0.808 0.824 0.838 0.850 0.860 0.868 0.876 0.882 0.887 0.892 0.896 0.899 0.902 0.905 0.907 0.908 0.909 0.911 0.911 0.912 0.912 0.912 0.912 0.912 0.912 0.911 0.911 0.910 0.909 0.908 0.907 0.906 0.905 0.904 0.903 0.901 0.900 0.898 0.897
0.003 0.003 0.013 0.006 0.002 0.003 0.002 0.003 0.017 0.115 0.210 0.298 0.379 0.451 0.515 0.570 0.618 0.658 0.693 0.723 0.748 0.770 0.789 0.805 0.818 0.830 0.840 0.849 0.857 0.864 0.869 0.874 0.879 0.882 0.886 0.888 0.891 0.893 0.894 0.896 0.897 0.897 0.898 0.898 0.899 0.899 0.899 0.898 0.898 0.897 0.897 0.896 0.895 0.894 0.893 0.892 0.891 0.890 0.888 0.887
0.004 0.004 0.015 0.003 0.002 0.006 0.002 0.002 0.015 0.102 0.187 0.268 0.342 0.410 0.471 0.525 0.573 0.614 0.651 0.682 0.709 0.733 0.753 0.771 0.787 0.800 0.812 0.822 0.831 0.839 0.846 0.852 0.857 0.862 0.866 0.869 0.872 0.875 0.877 0.879 0.881 0.882 0.883 0.884 0.885 0.885 0.885 0.885 0.885 0.885 0.885 0.884 0.884 0.883 0.882 0.881 0.880 0.879 0.878 0.877
0.007 0.004 0.003 0.002 0.006 0.005 0.002 0.001 0.013 0.092 0.169 0.242 0.311 0.375 0.433 0.485 0.532 0.574 0.611 0.643 0.672 0.697 0.719 0.738 0.755 0.770 0.783 0.795 0.805 0.814 0.822 0.829 0.836 0.841 0.846 0.850 0.854 0.857 0.860 0.862 0.865 0.866 0.868 0.869 0.870 0.871 0.872 0.872 0.872 0.872 0.872 0.872 0.872 0.871 0.871 0.870 0.870 0.869 0.868 0.867
0.013 0.016 0.003 0.003 0.005 0.003 0.003 0.002 0.012 0.083 0.153 0.221 0.285 0.344 0.400 0.450 0.496 0.537 0.574 0.607 0.636 0.663 0.686 0.706 0.725 0.741 0.755 0.768 0.779 0.789 0.798 0.806 0.813 0.820 0.825 0.830 0.835 0.839 0.842 0.845 0.848 0.850 0.852 0.854 0.856 0.857 0.858 0.859 0.859 0.860 0.860 0.860 0.860 0.860 0.859 0.859 0.858 0.858 0.857 0.856
0.014 0.009 0.003 0.004 0.004 0.002 0.002 0.001 0.011 0.076 0.140 0.202 0.262 0.318 0.370 0.419 0.463 0.503 0.540 0.573 0.603 0.630 0.654 0.675 0.695 0.712 0.727 0.741 0.753 0.765 0.774 0.783 0.791 0.798 0.805 0.811 0.816 0.820 0.824 0.828 0.831 0.834 0.836 0.839 0.841 0.842 0.844 0.845 0.846 0.846 0.847 0.847 0.848 0.848 0.848 0.848 0.847 0.847 0.846 0.846
0.014 0.012 0.003 0.009 0.002 0.003 0.002 0.002 0.010 0.070 0.129 0.187 0.242 0.295 0.344 0.390 0.433 0.473 0.509 0.542 0.572 0.599 0.624 0.646 0.666 0.684 0.700 0.715 0.728 0.740 0.751 0.760 0.769 0.777 0.784 0.791 0.796 0.802 0.806 0.810 0.814 0.817 0.820 0.823 0.825 0.827 0.829 0.831 0.832 0.833 0.834 0.835 0.835 0.836 0.836 0.836 0.836 0.836 0.835 0.835
0.009 0.012 0.002 0.002 0.004 0.004 0.003 0.001 0.009 0.065 0.120 0.173 0.225 0.274 0.321 0.365 0.406 0.445 0.480 0.513 0.543 0.570 0.595 0.617 0.638 0.657 0.674 0.689 0.703 0.716 0.727 0.738 0.747 0.756 0.764 0.771 0.777 0.783 0.788 0.793 0.797 0.801 0.804 0.807 0.810 0.812 0.815 0.816 0.818 0.820 0.821 0.822 0.823 0.823 0.824 0.824 0.824 0.824 0.824 0.824
0.005 0.002 0.002 0.003 0.002 0.002 0.001 0.001 0.009 0.060 0.111 0.161 0.210 0.256 0.301 0.343 0.382 0.419 0.454 0.486 0.515 0.543 0.568 0.591 0.612 0.631 0.648 0.664 0.679 0.692 0.704 0.716 0.726 0.735 0.743 0.751 0.758 0.764 0.770 0.775 0.780 0.784 0.788 0.791 0.795 0.797 0.800 0.802 0.804 0.806 0.807 0.809 0.810 0.811 0.812 0.812 0.813 0.813 0.813 0.813
0.002 0.005 0.002 0.002 0.002 0.003 0.001 0.002 0.008 0.056 0.104 0.151 0.196 0.240 0.282 0.322 0.360 0.396 0.430 0.461 0.490 0.517 0.542 0.565 0.586 0.606 0.624 0.640 0.655 0.669 0.682 0.694 0.704 0.714 0.723 0.731 0.739 0.745 0.752 0.757 0.763 0.767 0.772 0.776 0.779 0.782 0.785 0.788 0.790 0.792 0.794 0.796 0.797 0.798 0.799 0.800 0.801 0.801 0.802 0.802
0.003 0.006 0.003 0.002 0.008 0.002 0.001 0.001 0.008 0.053 0.097 0.141 0.184 0.226 0.266 0.304 0.340 0.375 0.407 0.438 0.467 0.493 0.518 0.541 0.562 0.582 0.600 0.617 0.633 0.647 0.660 0.672 0.683 0.694 0.703 0.712 0.720 0.727 0.734 0.740 0.746 0.751 0.755 0.760 0.764 0.767 0.770 0.773 0.776 0.778 0.781 0.782 0.784 0.786 0.787 0.788 0.789 0.790 0.790 0.791
0.003 0.004 0.002 0.003 0.002 0.003 0.002 0.002 0.007 0.049 0.091 0.133 0.173 0.213 0.251 0.287 0.322 0.355 0.387 0.417 0.445 0.471 0.495 0.518 0.540 0.559 0.578 0.595 0.611 0.625 0.639 0.651 0.663 0.674 0.684 0.693 0.701 0.709 0.716 0.723 0.729 0.734 0.739 0.744 0.748 0.752 0.756 0.759 0.762 0.765 0.767 0.769 0.771 0.773 0.775 0.776 0.777 0.778 0.779 0.780
0.003 0.003 0.002 0.003 0.002 0.003 0.004 0.002 0.007 0.047 0.086 0.125 0.163 0.201 0.237 0.272 0.305 0.337 0.368 0.397 0.424 0.450 0.474 0.497 0.518 0.538 0.556 0.574 0.590 0.605 0.618 0.631 0.643 0.654 0.664 0.674 0.683 0.691 0.698 0.705 0.712 0.718 0.723 0.728 0.733 0.737 0.741 0.745 0.748 0.751 0.754 0.756 0.758 0.760 0.762 0.764 0.765 0.766 0.767 0.768
0.006 0.003 0.006 0.002 0.003 0.002 0.001 0.002 0.006 0.044 0.081 0.118 0.155 0.190 0.225 0.258 0.290 0.321 0.350 0.378 0.405 0.430 0.454 0.476 0.498 0.517 0.536 0.553 0.569 0.584 0.599 0.612 0.624 0.635 0.646 0.656 0.665 0.673 0.681 0.688 0.695 0.701 0.707 0.713 0.718 0.722 0.726 0.730 0.734 0.737 0.740 0.743 0.745 0.748 0.750 0.752 0.753 0.755 0.756 0.757
0.003 0.002 0.006 0.003 0.003 0.001 0.001 0.002 0.006 0.042 0.077 0.112 0.147 0.180 0.213 0.245 0.276 0.306 0.334 0.361 0.387 0.412 0.435 0.457 0.478 0.498 0.516 0.534 0.550 0.565 0.579 0.593 0.605 0.617 0.628 0.638 0.647 0.656 0.664 0.672 0.679 0.685 0.692 0.697 0.702 0.707 0.712 0.716 0.720 0.723 0.727 0.730 0.732 0.735 0.737 0.739 0.741 0.743 0.744 0.746
0.003 0.006 0.003 0.003 0.003 0.003 0.001 0.002 0.006 0.040 0.073 0.106 0.139 0.171 0.203 0.233 0.263 0.292 0.319 0.346 0.371 0.395 0.418 0.439 0.460 0.479 0.498 0.515 0.531 0.547 0.561 0.574 0.587 0.599 0.610 0.620 0.630 0.639 0.648 0.655 0.663 0.670 0.676 0.682 0.688 0.693 0.698 0.702 0.706 0.710 0.713 0.717 0.720 0.722 0.725 0.727 0.729 0.731 0.733 0.735
0.002 0.002 0.006 0.003 0.003 0.001 0.001 0.001 0.005 0.038 0.070 0.101 0.133 0.163 0.193 0.223 0.251 0.279 0.305 0.331 0.355 0.379 0.401 0.422 0.443 0.462 0.480 0.497 0.513 0.529 0.543 0.557 0.569 0.581 0.593 0.603 0.613 0.623 0.631 0.639 0.647 0.654 0.661 0.667 0.673 0.678 0.683 0.688 0.692 0.696 0.700 0.704 0.707 0.710 0.713 0.715 0.718 0.720 0.722 0.723
0.002 0.002 0.009 0.003 0.003 0.002 0.001 0.001 0.005 0.036 0.066 0.097 0.126 0.156 0.185 0.213 0.240 0.267 0.292 0.317 0.341 0.364 0.385 0.406 0.426 0.445 0.463 0.480 0.496 0.512 0.526 0.540 0.553 0.565 0.576 0.587 0.597 0.606 0.615 0.624 0.632 0.639 0.646 0.652 0.658 0.664 0.669 0.674 0.679 0.683 0.687 0.691 0.694 0.698 0.700 0.703 0.706 0.708 0.710 0.712
0.002 0.003 0.005 0.002 0.003 0.002 0.001 0.001 0.005 0.034 0.063 0.092 0.121 0.149 0.176 0.203 0.230 0.255 0.280 0.304 0.327 0.349 0.371 0.391 0.411 0.429 0.447 0.464 0.480 0.495 0.510 0.523 0.536 0.548 0.560 0.571 0.581 0.591 0.600 0.608 0.616 0.624 0.631 0.638 0.644 0.650 0.656 0.661 0.665 0.670 0.674 0.678 0.682 0.685 0.688 0.691 0.694 0.697 0.699 0.701
0.002 0.002 0.002 0.006 0.003 0.002 0.001 0.001 0.005 0.033 0.060 0.088 0.115 0.142 0.169 0.195 0.220 0.245 0.269 0.292 0.314 0.336 0.357 0.377 0.396 0.414 0.432 0.449 0.464 0.480 0.494 0.508 0.520 0.533 0.544 0.555 0.566 0.576 0.585 0.593 0.602 0.609 0.617 0.624 0.630 0.636 0.642 0.647 0.652 0.657 0.661 0.666 0.669 0.673 0.676 0.679 0.682 0.685 0.688 0.690
0.002 0.002 0.002 0.002 0.003 0.002 0.001 0.001 0.005 0.031 0.058 0.084 0.111 0.136 0.162 0.187 0.211 0.235 0.258 0.281 0.302 0.323 0.344 0.363 0.382 0.400 0.417 0.434 0.450 0.465 0.479 0.492 0.505 0.518 0.529 0.540 0.551 0.561 0.570 0.579 0.587 0.595 0.603 0.610 0.616 0.623 0.629 0.634 0.639 0.644 0.649 0.653 0.657 0.661 0.664 0.668 0.671 0.674 0.676 0.679
0.002 0.002 0.004 0.004 0.001 0.006 0.001 0.001 0.004 0.030 0.055 0.081 0.106 0.131 0.155 0.179 0.203 0.226 0.248 0.270 0.291 0.312 0.331 0.351 0.369 0.387 0.404 0.420 0.435 0.450 0.464 0.478 0.491 0.503 0.515 0.526 0.536 0.546 0.556 0.565 0.573 0.581 0.589 0.596 0.603 0.609 0.615 0.621 0.626 0.632 0.636 0.641 0.645 0.649 0.653 0.656 0.659 0.662 0.665 0.668
0.002 0.002 0.005 0.004 0.005 0.001 0.001 0.001 0.004 0.029 0.053 0.078 0.102 0.126 0.149 0.172 0.195 0.217 0.239 0.260 0.281 0.300 0.320 0.338 0.356 0.374 0.390 0.406 0.422 0.436 0.450 0.464 0.477 0.489 0.501 0.512 0.522 0.532 0.542 0.551 0.560 0.568 0.575 0.583 0.590 0.596 0.603 0.608 0.614 0.619 0.624 0.629 0.633 0.637 0.641 0.645 0.648 0.651 0.654 0.657
0.002 0.002 0.002 0.001 0.002 0.001 0.002 0.002 0.004 0.028 0.051 0.075 0.098 0.121 0.143 0.166 0.188 0.209 0.230 0.251 0.271 0.290 0.309 0.327 0.345 0.361 0.378 0.394 0.409 0.423 0.437 0.450 0.463 0.475 0.487 0.498 0.509 0.519 0.528 0.538 0.546 0.554 0.562 0.570 0.577 0.584 0.590 0.596 0.602 0.607 0.612 0.617 0.621 0.626 0.630 0.633 0.637 0.640 0.644 0.646
0.002 0.004 0.002 0.001 0.002 0.005 0.001 0.001 0.004 0.027 0.049 0.072 0.094 0.116 0.138 0.160 0.181 0.202 0.222 0.242 0.261 0.280 0.298 0.316 0.333 0.350 0.366 0.381 0.396 0.411 0.424 0.438 0.450 0.462 0.474 0.485 0.496 0.506 0.515 0.524 0.533 0.542 0.550 0.557 0.564 0.571 0.578 0.584 0.589 0.595 0.600 0.605 0.610 0.614 0.618 0.622 0.626 0.630 0.633 0.636
0.002 0.001 0.002 0.002 0.004 0.002 0.001 0.001 0.004 0.026 0.047 0.069 0.091 0.112 0.133 0.154 0.174 0.194 0.214 0.233 0.252 0.271 0.288 0.306 0.323 0.339 0.355 0.370 0.384 0.398 0.412 0.425 0.438 0.450 0.461 0.472 0.483 0.493 0.503 0.512 0.521 0.529 0.537 0.545 0.552 0.559 0.565 0.572 0.578 0.583 0.589 0.594 0.598 0.603 0.607 0.611 0.615 0.619 0.622 0.625
0.003 0.002 0.002 0.004 0.002 0.002 0.004 0.001 0.004 0.025 0.046 0.067 0.087 0.108 0.128 0.148 0.168 0.188 0.207 0.226 0.244 0.262 0.279 0.296 0.312 0.328 0.344 0.359 0.373 0.387 0.400 0.413 0.426 0.438 0.449 0.460 0.471 0.481 0.490 0.500 0.508 0.517 0.525 0.533 0.540 0.547 0.554 0.560 0.566 0.572 0.577 0.582 0.587 0.592 0.596 0.600 0.604 0.608 0.612 0.615
0.002 0.002 0.002 0.002 0.001 0.002 0.001 0.001 0.003 0.024 0.044 0.064 0.084 0.104 0.124 0.143 0.163 0.181 0.200 0.218 0.236 0.253 0.270 0.287 0.303 0.318 0.333 0.348 0.362 0.376 0.389 0.402 0.414 0.426 0.437 0.448 0.459 0.469 0.478 0.488 0.496 0.505 0.513 0.521 0.528 0.535 0.542 0.548 0.555 0.560 0.566 0.571 0.576 0.581 0.586 0.590 0.594 0.598 0.601 0.605
0.003 0.001 0.004 0.002 0.001 0.001 0.001 0.001 0.003 0.023 0.043 0.062 0.081 0.101 0.120 0.139 0.157 0.175 0.193 0.211 0.228 0.245 0.262 0.278 0.293 0.309 0.323 0.338 0.352 0.365 0.378 0.391 0.403 0.415 0.426 0.437 0.447 0.457 0.467 0.476 0.485 0.493 0.502 0.509 0.517 0.524 0.531 0.537 0.543 0.549 0.555 0.560 0.565 0.570 0.575 0.579 0.584 0.588 0.591 0.595
0.002 0.002 0.002 0.002 0.001 0.001 0.001 0.002 0.003 0.022 0.041 0.060 0.079 0.097 0.116 0.134 0.152 0.170 0.187 0.204 0.221 0.238 0.254 0.269 0.285 0.300 0.314 0.328 0.342 0.355 0.368 0.380 0.392 0.404 0.415 0.426 0.436 0.446 0.456 0.465 0.474 0.482 0.490 0.498 0.506 0.513 0.520 0.526 0.532 0.538 0.544 0.550 0.555 0.560 0.565 0.569 0.573 0.577 0.581 0.585
0.002 0.002 0.002 0.002 0.001 0.001 0.001 0.002 0.003 0.021 0.040 0.058 0.076 0.094 0.112 0.130 0.147 0.164 0.181 0.198 0.214 0.230 0.246 0.261 0.276 0.291 0.305 0.319 0.332 0.345 0.358 0.370 0.382 0.393 0.404 0.415 0.425 0.435 0.445 0.454 0.463 0.471 0.479 0.487 0.495 0.502 0.509 0.515 0.522 0.528 0.534 0.539 0.544 0.550 0.554 0.559 0.563 0.567 0.571 0.575
0.002 0.002 0.002 0.002 0.001 0.001 0.001 0.001 0.003 0.021 0.038 0.056 0.074 0.091 0.108 0.126 0.143 0.159 0.176 0.192 0.208 0.223 0.239 0.254 0.268 0.282 0.296 0.310 0.323 0.336 0.348 0.360 0.372 0.383 0.394 0.405 0.415 0.425 0.434 0.443 0.452 0.461 0.469 0.477 0.484 0.491 0.498 0.505 0.511 0.517 0.523 0.529 0.534 0.539 0.544 0.549 0.553 0.558 0.562 0.566
0.002 0.001 0.002 0.001 0.001 0.001 0.002 0.001 0.003 0.020 0.037 0.054 0.071 0.088 0.105 0.122 0.138 0.154 0.170 0.186 0.202 0.217 0.232 0.246 0.261 0.275 0.288 0.301 0.314 0.327 0.339 0.351 0.362 0.374 0.384 0.395 0.405 0.415 0.424 0.433 0.442 0.450 0.459 0.466 0.474 0.481 0.488 0.495 0.501 0.507 0.513 0.519 0.524 0.529 0.534 0.539 0.544 0.548 0.552 0.556
0.002 0.002 0.002 0.002 0.001 0.001 0.002 0.001 0.003 0.019 0.036 0.053 0.069 0.086 0.102 0.118 0.134 0.150 0.165 0.181 0.196 0.211 0.225 0.239 0.253 0.267 0.280 0.293 0.306 0.318 0.330 0.342 0.353 0.364 0.375 0.385 0.395 0.405 0.414 0.423 0.432 0.440 0.449 0.456 0.464 0.471 0.478 0.485 0.491 0.497 0.503 0.509 0.515 0.520 0.525 0.530 0.534 0.539 0.543 0.547
0.002 0.001 0.001 0.001 0.001 0.001 0.001 0.001 0.003 0.019 0.035 0.051 0.067 0.083 0.099 0.115 0.130 0.145 0.160 0.175 0.190 0.205 0.219 0.233 0.246 0.260 0.273 0.285 0.298 0.310 0.322 0.333 0.344 0.355 0.366 0.376 0.386 0.395 0.405 0.414 0.422 0.431 0.439 0.447 0.454 0.461 0.468 0.475 0.482 0.488 0.494 0.499 0.505 0.510 0.515 0.520 0.525 0.529 0.534 0.538
0.004 0.002 0.004 0.003 0.003 0.001 0.001 0.002 0.003 0.018 0.034 0.050 0.065 0.081 0.096 0.111 0.126 0.141 0.156 0.170 0.185 0.199 0.213 0.226 0.240 0.253 0.265 0.278 0.290 0.302 0.314 0.325 0.336 0.347 0.357 0.367 0.377 0.386 0.395 0.404 0.413 0.421 0.429 0.437 0.445 0.452 0.459 0.466 0.472 0.478 0.484 0.490 0.496 0.501 0.506 0.511 0.516 0.520 0.525 0.529
0.002 0.002 0.001 0.001 0.001 0.001 0.001 0.002 0.003 0.018 0.033 0.048 0.063 0.078 0.093 0.108 0.123 0.137 0.152 0.166 0.180 0.193 0.207 0.220 0.233 0.246 0.258 0.271 0.283 0.294 0.306 0.317 0.328 0.338 0.348 0.358 0.368 0.377 0.387 0.395 0.404 0.412 0.420 0.428 0.435 0.443 0.450 0.456 0.463 0.469 0.475 0.481 0.486 0.492 0.497 0.502 0.507 0.511 0.516 0.520
0.002 0.001 0.001 0.001 0.001 0.001 0.001 0.001 0.003 0.017 0.032 0.047 0.061 0.076 0.091 0.105 0.119 0.133 0.147 0.161 0.175 0.188 0.201 0.214 0.227 0.239 0.252 0.264 0.275 0.287 0.298 0.309 0.320 0.330 0.340 0.350 0.360 0.369 0.378 0.387 0.395 0.403 0.411 0.419 0.426 0.434 0.441 0.447 0.454 0.460 0.466 0.472 0.478 0.483 0.488 0.493 0.498 0.503 0.507 0.511
0.004 0.001 0.001 0.001 0.001 0.001 0.002 0.001 0.002 0.017 0.031 0.046 0.060 0.074 0.088 0.102 0.116 0.130 0.143 0.157 0.170 0.183 0.196 0.209 0.221 0.233 0.245 0.257 0.269 0.280 0.291 0.302 0.312 0.322 0.332 0.342 0.351 0.361 0.369 0.378 0.387 0.395 0.403 0.410 0.418 0.425 0.432 0.438 0.445 0.451 0.457 0.463 0.469 0.474 0.479 0.484 0.489 0.494 0.498 0.503
0.004 0.001 0.001 0.001 0.001 0.001 0.002 0.001 0.002 0.016 0.030 0.044 0.058 0.072 0.086 0.099 0.113 0.126 0.140 0.153 0.166 0.178 0.191 0.203 0.215 0.227 0.239 0.251 0.262 0.273 0.284 0.294 0.305 0.315 0.325 0.334 0.343 0.353 0.361 0.370 0.378 0.386 0.394 0.402 0.409 0.416 0.423 0.430 0.436 0.443 0.449 0.455 0.460 0.466 0.471 0.476 0.481 0.485 0.490 0.494
0.001 0.001 0.001 0.001 0.001 0.001 0.002 0.001 0.002 0.016 0.030 0.043 0.057 0.070 0.083 0.097 0.110 0.123 0.136 0.149 0.161 0.174 0.186 0.198 0.210 0.222 0.233 0.245 0.256 0.266 0.277 0.287 0.298 0.307 0.317 0.327 0.336 0.345 0.353 0.362 0.370 0.378 0.386 0.394 0.401 0.408 0.415 0.422 0.428 0.434 0.440 0.446 0.452 0.457 0.463 0.468 0.473 0.477 0.482 0.486
0.001 0.001 0.001 0.001 0.003 0.001 0.002 0.001 0.002 0.015 0.029 0.042 0.055 0.068 0.081 0.094 0.107 0.120 0.132 0.145 0.157 0.169 0.181 0.193 0.205 0.216 0.228 0.239 0.249 0.260 0.271 0.281 0.291 0.300 0.310 0.319 0.328 0.337 0.346 0.354 0.362 0.370 0.378 0.386 0.393 0.400 0.407 0.413 0.420 0.426 0.432 0.438 0.444 0.449 0.454 0.459 0.464 0.469 0.474 0.478
0.001 0.001 0.001 0.001 0.001 0.001 0.002 0.002 0.002 0.015 0.028 0.041 0.054 0.066 0.079 0.092 0.104 0.117 0.129 0.141 0.153 0.165 0.177 0.188 0.200 0.211 0.222 0.233 0.244 0.254 0.264 0.274 0.284 0.294 0.303 0.312 0.321 0.330 0.338 0.347 0.355 0.363 0.370 0.378 0.385 0.392 0.399 0.405 0.412 0.418 0.424 0.430 0.436 0.441 0.446 0.451 0.456 0.461 0.466 0.470
0.001 0.001 0.001 0.001 0.001 0.001 0.001 0.002 0.002 0.015 0.027 0.040 0.052 0.065 0.077 0.089 0.102 0.114 0.126 0.138 0.149 0.161 0.172 0.184 0.195 0.206 0.217 0.227 0.238 0.248 0.258 0.268 0.278 0.287 0.296 0.305 0.314 0.323 0.331 0.339 0.347 0.355 0.363 0.370 0.377 0.384 0.391 0.398 0.404 0.410 0.416 0.422 0.428 0.433 0.439 0.444 0.449 0.453 0.458 0.463
0.001 0.001 0.001 0.001 0.001 0.001 0.001 0.002 0.002 0.014 0.027 0.039 0.051 0.063 0.075 0.087 0.099 0.111 0.123 0.134 0.146 0.157 0.168 0.179 0.190 0.201 0.212 0.222 0.232 0.242 0.252 0.262 0.271 0.281 0.290 0.299 0.308 0.316 0.324 0.332 0.340 0.348 0.356 0.363 0.370 0.377 0.384 0.390 0.397 0.403 0.409 0.415 0.420 0.426 0.431 0.436 0.441 0.446 0.450 0.455
0.001 0.001 0.001 0.001 0.003 0.002 0.001 0.001 0.002 0.014 0.026 0.038 0.050 0.062 0.073 0.085 0.097 0.108 0.120 0.131 0.142 0.153 0.164 0.175 0.186 0.196 0.207 0.217 0.227 0.237 0.247 0.256 0.266 0.275 0.284 0.292 0.301 0.309 0.318 0.326 0.333 0.341 0.348 0.356 0.363 0.370 0.376 0.383 0.389 0.395 0.401 0.407 0.413 0.418 0.423 0.429 0.434 0.438 0.443 0.448
0.001 0.001 0.001 0.002 0.001 0.002 0.001 0.001 0.002 0.014 0.025 0.037 0.049 0.060 0.072 0.083 0.094 0.106 0.117 0.128 0.139 0.150 0.160 0.171 0.182 0.192 0.202 0.212 0.222 0.232 0.241 0.251 0.260 0.269 0.278 0.286 0.295 0.303 0.311 0.319 0.327 0.334 0.342 0.349 0.356 0.363 0.369 0.376 0.382 0.388 0.394 0.400 0.405 0.411 0.416 0.421 0.426 0.431 0.436 0.440
0.004 0.003 0.002 0.003 0.001 0.001 0.001 0.001 0.002 0.013 0.025 0.036 0.047 0.059 0.070 0.081 0.092 0.103 0.114 0.125 0.136 0.146 0.157 0.167 0.177 0.188 0.197 0.207 0.217 0.227 0.236 0.245 0.254 0.263 0.272 0.280 0.289 0.297 0.305 0.313 0.320 0.328 0.335 0.342 0.349 0.356 0.362 0.369 0.375 0.381 0.387 0.393 0.398 0.404 0.409 0.414 0.419 0.424 0.429 0.433
0.002 0.003 0.002 0.001 0.001 0.001 0.001 0.001 0.002 0.013 0.024 0.035 0.046 0.057 0.068 0.079 0.090 0.101 0.111 0.122 0.133 0.143 0.153 0.163 0.173 0.183 0.193 0.203 0.212 0.222 0.231 0.240 0.249 0.257 0.266 0.274 0.283 0.291 0.299 0.306 0.314 0.321 0.328 0.335 0.342 0.349 0.356 0.362 0.368 0.374 0.380 0.386 0.391 0.397 0.402 0.407 0.412 0.417 0.422 0.426
0.003 0.001 0.002 0.001 0.001 0.002 0.001 0.001 0.002 0.013 0.024 0.034 0.045 0.056 0.067 0.077 0.088 0.098 0.109 0.119 0.129 0.140 0.150 0.160 0.170 0.179 0.189 0.198 0.208 0.217 0.226 0.235 0.243 0.252 0.260 0.269 0.277 0.285 0.293 0.300 0.308 0.315 0.322 0.329 0.336 0.343 0.349 0.355 0.361 0.367 0.373 0.379 0.385 0.390 0.395 0.400 0.405 0.410 0.415 0.419
0.001 0.003 0.002 0.001 0.001 0.001 0.001 0.001 0.002 0.012 0.023 0.034 0.044 0.055 0.065 0.076 0.086 0.096 0.106 0.117 0.127 0.137 0.146 0.156 0.166 0.175 0.185 0.194 0.203 0.212 0.221 0.230 0.238 0.247 0.255 0.263 0.271 0.279 0.287 0.294 0.302 0.309 0.316 0.323 0.330 0.336 0.343 0.349 0.355 0.361 0.367 0.372 0.378 0.383 0.388 0.394 0.399 0.403 0.408 0.413
0.003 0.003 0.001 0.001 0.001 0.001 0.001 0.001 0.002 0.012 0.022 0.033 0.043 0.053 0.064 0.074 0.084 0.094 0.104 0.114 0.124 0.134 0.143 0.153 0.162 0.172 0.181 0.190 0.199 0.208 0.216 0.225 0.233 0.242 0.250 0.258 0.266 0.274 0.281 0.289 0.296 0.303 0.310 0.317 0.323 0.330 0.336 0.343 0.349 0.355 0.360 0.366 0.371 0.377 0.382 0.387 0.392 0.397 0.401 0.406
0.003 0.001 0.001 0.001 0.001 0.001 0.001 0.001 0.002 0.012 0.022 0.032 0.042 0.052 0.062 0.072 0.082 0.092 0.102 0.111 0.121 0.131 0.140 0.149 0.159 0.168 0.177 0.186 0.195 0.203 0.212 0.220 0.229 0.237 0.245 0.253 0.261 0.268 0.276 0.283 0.290 0.297 0.304 0.311 0.317 0.324 0.330 0.336 0.342 0.348 0.354 0.360 0.365 0.370 0.376 0.381 0.386 0.390 0.395 0.399
0.003 0.001 0.001 0.001 0.001 0.001 0.001 0.001 0.002 0.012 0.021 0.031 0.041 0.051 0.061 0.071 0.080 0.090 0.100 0.109 0.118 0.128 0.137 0.146 0.155 0.164 0.173 0.182 0.191 0.199 0.208 0.216 0.224 0.232 0.240 0.248 0.256 0.263 0.270 0.278 0.285 0.292 0.298 0.305 0.312 0.318 0.324 0.330 0.336 0.342 0.348 0.353 0.359 0.364 0.369 0.374 0.379 0.384 0.389 0.393
0.003 0.001 0.001 0.001 0.001 0.001 0.001 0.001 0.002 0.011 0.021 0.031 0.040 0.050 0.060 0.069 0.079 0.088 0.097 0.107 0.116 0.125 0.134 0.143 0.152 0.161 0.170 0.178 0.187 0.195 0.203 0.212 0.220 0.228 0.235 0.243 0.251 0.258 0.265 0.272 0.279 0.286 0.293 0.300 0.306 0.312 0.319 0.325 0.331 0.336 0.342 0.347 0.353 0.358 0.363 0.368 0.373 0.378 0.382 0.387
0.003 0.001 0.001 0.002 0.001 0.001 0.001 0.001 0.002 0.011 0.021 0.030 0.039 0.049 0.058 0.068 0.077 0.086 0.095 0.104 0.114 0.123 0.131 0.140 0.149 0.158 0.166 0.175 0.183 0.191 0.199 0.207 0.215 0.223 0.231 0.238 0.246 0.253 0.260 0.267 0.274 0.281 0.288 0.294 0.301 0.307 0.313 0.319 0.325 0.331 0.336 0.342 0.347 0.352 0.357 0.362 0.367 0.372 0.376 0.381
0.001 0.001 0.001 0.002 0.001 0.002 0.002 0.001 0.002 0.011 0.020 0.029 0.039 0.048 0.057 0.066 0.075 0.084 0.093 0.102 0.111 0.120 0.129 0.137 0.146 0.154 0.163 0.171 0.179 0.187 0.195 0.203 0.211 0.219 0.226 0.234 0.241 0.248 0.255 0.262 0.269 0.276 0.282 0.289 0.295 0.301 0.307 0.313 0.319 0.325 0.330 0.336 0.341 0.346 0.351 0.356 0.361 0.366 0.371 0.375
0.001 0.001 0.001 0.001 0.001 0.001 0.001 0.001 0.002 0.011 0.020 0.029 0.038 0.047 0.056 0.065 0.074 0.083 0.091 0.100 0.109 0.118 0.126 0.135 0.143 0.151 0.160 0.168 0.176 0.184 0.192 0.199 0.207 0.215 0.222 0.229 0.237 0.244 0.251 0.257 0.264 0.271 0.277 0.284 0.290 0.296 0.302 0.308 0.314 0.319 0.325 0.330 0.336 0.341 0.346 0.351 0.355 0.360 0.365 0.369
0.001 0.001 0.001 0.003 0.002 0.001 0.001 0.001 0.002 0.010 0.019 0.028 0.037 0.046 0.055 0.063 0.072 0.081 0.090 0.098 0.107 0.115 0.124 0.132 0.140 0.148 0.156 0.164 0.172 0.180 0.188 0.196 0.203 0.211 0.218 0.225 0.232 0.239 0.246 0.253 0.259 0.266 0.272 0.279 0.285 0.291 0.297 0.303 0.308 0.314 0.319 0.325 0.330 0.335 0.340 0.345 0.350 0.354 0.359 0.363
0.003 0.002 0.003 0.001 0.001 0.002 0.001 0.001 0.001 0.010 0.019 0.028 0.036 0.045 0.054 0.062 0.071 0.079 0.088 0.096 0.105 0.113 0.121 0.129 0.137 0.145 0.153 0.161 0.169 0.177 0.184 0.192 0.199 0.207 0.214 0.221 0.228 0.235 0.242 0.248 0.255 0.261 0.268 0.274 0.280 0.286 0.292 0.298 0.303 0.309 0.314 0.319 0.325 0.330 0.335 0.340 0.344 0.349 0.353 0.358
0.001 0.002 0.001 0.001 0.001 0.002 0.001 0.001 0.001 0.010 0.019 0.027 0.036 0.044 0.053 0.061 0.069 0.078 0.086 0.094 0.102 0.111 0.119 0.127 0.135 0.143 0.150 0.158 0.166 0.173 0.181 0.188 0.195 0.203 0.210 0.217 0.224 0.230 0.237 0.244 0.250 0.257 0.263 0.269 0.275 0.281 0.287 0.292 0.298 0.304 0.309 0.314 0.319 0.324 0.329 0.334 0.339 0.344 0.348 0.352
0.001 0.002 0.001 0.001 0.001 0.001 0.001 0.001 0.001 0.010 0.018 0.027 0.035 0.043 0.051 0.060 0.068 0.076 0.084 0.092 0.100 0.108 0.116 0.124 0.132 0.140 0.148 0.155 0.163 0.170 0.177 0.185 0.192 0.199 0.206 0.213 0.220 0.226 0.233 0.239 0.246 0.252 0.258 0.264 0.270 0.276 0.282 0.288 0.293 0.299 0.304 0.309 0.314 0.319 0.324 0.329 0.334 0.338 0.343 0.347
0.002 0.002 0.001 0.001 0.001 0.001 0.001 0.001 0.001 0.010 0.018 0.026 0.034 0.042 0.050 0.059 0.067 0.075 0.083 0.091 0.099 0.106 0.114 0.122 0.130 0.137 0.145 0.152 0.160 0.167 0.174 0.181 0.188 0.195 0.202 0.209 0.216 0.222 0.229 0.235 0.242 0.248 0.254 0.260 0.266 0.272 0.277 0.283 0.288 0.294 0.299 0.304 0.309 0.314 0.319 0.324 0.328 0.333 0.337 0.342
0.002 0.001 0.001 0.001 0.002 0.001 0.001 0.001 0.001 0.009 0.017 0.025 0.034 0.042 0.049 0.057 0.065 0.073 0.081 0.089 0.097 0.104 0.112 0.120 0.127 0.135 0.142 0.149 0.157 0.164 0.171 0.178 0.185 0.192 0.199 0.205 0.212 0.218 0.225 0.231 0.237 0.243 0.249 0.255 0.261 0.267 0.273 0.278 0.284 0.289 0.294 0.299 0.304 0.309 0.314 0.319 0.323 0.328 0.332 0.337
0.002 0.001 0.001 0.001 0.002 0.002 0.001 0.001 0.001 0.009 0.017 0.025 0.033 0.041 0.049 0.056 0.064 0.072 0.080 0.087 0.095 0.102 0.110 0.117 0.125 0.132 0.139 0.147 0.154 0.161 0.168 0.175 0.182 0.188 0.195 0.202 0.208 0.215 0.221 0.227 0.233 0.239 0.245 0.251 0.257 0.263 0.268 0.274 0.279 0.284 0.289 0.294 0.299 0.304 0.309 0.314 0.318 0.323 0.327 0.332
0.002 0.001 0.001 0.001 0.002 0.002 0.001 0.000 0.001 0.009 0.017 0.025 0.032 0.040 0.048 0.055 0.063 0.070 0.078 0.086 0.093 0.100 0.108 0.115 0.122 0.130 0.137 0.144 0.151 0.158 0.165 0.172 0.178 0.185 0.192 0.198 0.204 0.211 0.217 0.223 0.229 0.235 0.241 0.247 0.253 0.258 0.264 0.269 0.274 0.280 0.285 0.290 0.295 0.300 0.304 0.309 0.314 0.318 0.322 0.327
0.001 0.001 0.001 0.001 0.002 0.002 0.001 0.001 0.001 0.009 0.016 0.024 0.032 0.039 0.047 0.054 0.062 0.069 0.077 0.084 0.091 0.099 0.106 0.113 0.120 0.127 0.134 0.141 0.148 0.155 0.162 0.169 0.175 0.182 0.188 0.195 0.201 0.207 0.213 0.219 0.225 0.231 0.237 0.243 0.248 0.254 0.259 0.265 0.270 0.275 0.280 0.285 0.290 0.295 0.300 0.304 0.309 0.313 0.318 0.322
0.001 0.001 0.001 0.001 0.001 0.001 0.001 0.001 0.001 0.009 0.016 0.024 0.031 0.038 0.046 0.053 0.061 0.068 0.075 0.082 0.090 0.097 0.104 0.111 0.118 0.125 0.132 0.139 0.146 0.152 0.159 0.166 0.172 0.179 0.185 0.191 0.198 0.204 0.210 0.216 0.222 0.227 0.233 0.239 0.244 0.250 0.255 0.261 0.266 0.271 0.276 0.281 0.286 0.290 0.295 0.300 0.304 0.309 0.313 0.317
0.001 0.001 0.001 0.001 0.001 0.002 0.001 0.001 0.001 0.009 0.016 0.023 0.030 0.038 0.045 0.052 0.059 0.067 0.074 0.081 0.088 0.095 0.102 0.109 0.116 0.123 0.130 0.136 0.143 0.150 0.156 0.163 0.169 0.176 0.182 0.188 0.194 0.200 0.206 0.212 0.218 0.224 0.229 0.235 0.240 0.246 0.251 0.256 0.262 0.267 0.272 0.276 0.281 0.286 0.291 0.295 0.300 0.304 0.308 0.313
0.001 0.001 0.001 0.001 0.001 0.002 0.001 0.001 0.001 0.008 0.016 0.023 0.030 0.037 0.044 0.051 0.058 0.065 0.072 0.079 0.086 0.093 0.100 0.107 0.114 0.121 0.127 0.134 0.141 0.147 0.154 0.160 0.166 0.173 0.179 0.185 0.191 0.197 0.203 0.209 0.214 0.220 0.226 0.231 0.237 0.242 0.247 0.252 0.257 0.262 0.267 0.272 0.277 0.282 0.286 0.291 0.295 0.300 0.304 0.308
0.001 0.001 0.001 0.001 0.001 0.001 0.001 0.001 0.001 0.008 0.015 0.022 0.029 0.036 0.043 0.050 0.057 0.064 0.071 0.078 0.085 0.092 0.099 0.105 0.112 0.119 0.125 0.132 0.138 0.145 0.151 0.157 0.163 0.170 0.176 0.182 0.188 0.194 0.199 0.205 0.211 0.216 0.222 0.227 0.233 0.238 0.243 0.248 0.253 0.258 0.263 0.268 0.273 0.277 0.282 0.286 0.291 0.295 0.299 0.304
0.001 0.001 0.001 0.001 0.001 0.001 0.001 0.001 0.001 0.008 0.015 0.022 0.029 0.036 0.043 0.050 0.056 0.063 0.070 0.077 0.083 0.090 0.097 0.103 0.110 0.116 0.123 0.129 0.136 0.142 0.148 0.155 0.161 0.167 0.173 0.179 0.185 0.190 0.196 0.202 0.207 0.213 0.218 0.224 0.229 0.234 0.239 0.245 0.249 0.254 0.259 0.264 0.269 0.273 0.278 0.282 0.287 0.291 0.295 0.299
0.001 0.001 0.001 0.001 0.001 0.001 0.001 0.000 0.001 0.008 0.015 0.022 0.028 0.035 0.042 0.049 0.055 0.062 0.069 0.075 0.082 0.089 0.095 0.102 0.108 0.114 0.121 0.127 0.133 0.140 0.146 0.152 0.158 0.164 0.170 0.176 0.182 0.187 0.193 0.199 0.204 0.210 0.215 0.220 0.225 0.231 0.236 0.241 0.246 0.251 0.255 0.260 0.265 0.269 0.274 0.278 0.282 0.287 0.291 0.295
