3.774 3.888 4.000 4.109 4.213 4.308 4.390 4.457 4.504 4.526 4.518 4.476 4.397 4.277 4.115 3.913 3.673 3.400 3.101 2.783 2.456 2.127 1.803 1.492 1.198 0.924 0.672 0.444 0.238 0.056
3.291 3.362 3.428 3.489 3.542 3.584 3.615 3.631 3.630 3.610 3.568 3.502 3.411 3.294 3.151 2.984 2.795 2.587 2.364 2.130 1.889 1.648 1.409 1.176 0.954 0.743 0.546 0.365 0.198 0.047
2.910 2.953 2.990 3.021 3.044 3.058 3.061 3.051 3.028 2.989 2.935 2.863 2.773 2.665 2.541 2.400 2.245 2.078 1.900 1.716 1.528 1.338 1.150 0.966 0.789 0.619 0.458 0.308 0.169 0.040
2.601 2.625 2.644 2.656 2.661 2.658 2.645 2.622 2.588 2.542 2.483 2.411 2.327 2.229 2.120 1.999 1.868 1.729 1.582 1.431 1.277 1.122 0.968 0.817 0.670 0.528 0.394 0.266 0.146 0.035
2.345 2.357 2.363 2.363 2.357 2.343 2.322 2.292 2.252 2.204 2.145 2.076 1.998 1.909 1.812 1.707 1.594 1.475 1.351 1.223 1.093 0.963 0.833 0.705 0.580 0.460 0.344 0.233 0.129 0.031
2.131 2.134 2.131 2.124 2.110 2.090 2.064 2.030 1.989 1.939 1.882 1.817 1.745 1.665 1.578 1.485 1.386 1.282 1.175 1.065 0.953 0.841 0.729 0.619 0.511 0.406 0.304 0.207 0.115 0.028
1.949 1.945 1.937 1.924 1.906 1.882 1.853 1.817 1.776 1.727 1.673 1.612 1.545 1.472 1.393 1.310 1.222 1.131 1.037 0.940 0.842 0.744 0.646 0.550 0.455 0.362 0.272 0.186 0.104 0.025
1.792 1.784 1.772 1.755 1.734 1.709 1.678 1.642 1.600 1.554 1.502 1.445 1.383 1.316 1.245 1.170 1.091 1.009 0.925 0.840 0.753 0.666 0.579 0.493 0.409 0.326 0.246 0.168 0.094 0.023
1.656 1.645 1.630 1.611 1.588 1.561 1.530 1.494 1.454 1.409 1.360 1.306 1.249 1.187 1.122 1.054 0.983 0.909 0.834 0.757 0.679 0.601 0.524 0.447 0.371 0.296 0.224 0.153 0.086 0.021
1.537 1.523 1.507 1.486 1.462 1.435 1.403 1.368 1.329 1.287 1.240 1.190 1.136 1.080 1.020 0.957 0.892 0.826 0.757 0.688 0.618 0.547 0.477 0.407 0.338 0.271 0.205 0.141 0.079 0.019
1.432 1.417 1.398 1.377 1.353 1.325 1.294 1.260 1.222 1.182 1.138 1.091 1.041 0.988 0.933 0.875 0.816 0.755 0.692 0.629 0.565 0.501 0.437 0.373 0.311 0.249 0.189 0.130 0.073 0.018
1.338 1.322 1.303 1.281 1.257 1.229 1.199 1.166 1.130 1.091 1.049 1.005 0.958 0.909 0.858 0.805 0.750 0.694 0.637 0.579 0.520 0.461 0.403 0.344 0.287 0.230 0.174 0.120 0.067 0.017
1.255 1.238 1.218 1.196 1.172 1.145 1.115 1.083 1.049 1.012 0.972 0.930 0.887 0.841 0.793 0.744 0.693 0.641 0.588 0.535 0.481 0.427 0.373 0.319 0.266 0.213 0.162 0.112 0.063 0.015
1.179 1.162 1.142 1.120 1.096 1.070 1.041 1.010 0.977 0.942 0.904 0.865 0.824 0.781 0.736 0.690 0.643 0.595 0.546 0.497 0.447 0.396 0.346 0.297 0.247 0.199 0.151 0.104 0.059 0.014
1.112 1.094 1.074 1.052 1.028 1.003 0.975 0.945 0.913 0.880 0.844 0.807 0.768 0.728 0.686 0.643 0.599 0.554 0.509 0.463 0.416 0.370 0.323 0.277 0.231 0.186 0.141 0.098 0.055 0.014
1.050 1.032 1.012 0.991 0.968 0.943 0.916 0.887 0.857 0.825 0.791 0.756 0.719 0.681 0.642 0.601 0.560 0.518 0.476 0.433 0.389 0.346 0.303 0.259 0.217 0.174 0.133 0.092 0.052 0.013
0.994 0.976 0.956 0.935 0.913 0.888 0.862 0.835 0.806 0.775 0.743 0.709 0.675 0.639 0.602 0.564 0.525 0.486 0.446 0.406 0.365 0.325 0.284 0.244 0.204 0.164 0.125 0.086 0.049 0.012
0.942 0.925 0.906 0.885 0.863 0.839 0.814 0.787 0.759 0.730 0.700 0.668 0.635 0.601 0.566 0.531 0.494 0.457 0.420 0.382 0.344 0.306 0.267 0.229 0.192 0.154 0.118 0.082 0.046 0.011
0.895 0.878 0.859 0.839 0.817 0.794 0.770 0.744 0.718 0.690 0.661 0.630 0.599 0.567 0.534 0.500 0.466 0.431 0.396 0.360 0.324 0.288 0.252 0.217 0.181 0.146 0.111 0.077 0.044 0.011
0.852 0.835 0.816 0.796 0.775 0.753 0.730 0.705 0.680 0.653 0.625 0.596 0.566 0.536 0.505 0.473 0.440 0.407 0.374 0.340 0.306 0.273 0.239 0.205 0.171 0.138 0.105 0.073 0.041 0.010
0.812 0.795 0.777 0.758 0.737 0.716 0.693 0.669 0.645 0.619 0.592 0.565 0.537 0.508 0.478 0.448 0.417 0.386 0.354 0.322 0.290 0.258 0.226 0.194 0.163 0.131 0.100 0.069 0.039 0.010
0.775 0.758 0.741 0.722 0.702 0.681 0.659 0.637 0.613 0.588 0.563 0.536 0.510 0.482 0.454 0.425 0.396 0.366 0.336 0.306 0.275 0.245 0.215 0.185 0.154 0.125 0.095 0.066 0.037 0.009
0.741 0.724 0.707 0.689 0.669 0.649 0.628 0.606 0.583 0.560 0.535 0.510 0.485 0.458 0.431 0.404 0.376 0.348 0.319 0.291 0.262 0.233 0.204 0.176 0.147 0.119 0.091 0.063 0.036 0.009
0.709 0.693 0.676 0.658 0.639 0.620 0.599 0.578 0.556 0.534 0.510 0.486 0.462 0.436 0.411 0.385 0.358 0.331 0.304 0.277 0.249 0.222 0.195 0.167 0.140 0.113 0.086 0.060 0.034 0.008
0.679 0.663 0.647 0.629 0.611 0.592 0.573 0.552 0.531 0.509 0.487 0.464 0.440 0.416 0.392 0.367 0.341 0.316 0.290 0.264 0.238 0.212 0.186 0.160 0.134 0.108 0.083 0.057 0.032 0.008
0.651 0.636 0.620 0.603 0.585 0.567 0.548 0.528 0.508 0.487 0.465 0.443 0.421 0.398 0.374 0.350 0.326 0.302 0.277 0.252 0.227 0.202 0.177 0.153 0.128 0.103 0.079 0.055 0.031 0.008
0.625 0.610 0.595 0.578 0.561 0.543 0.525 0.506 0.486 0.466 0.445 0.424 0.402 0.380 0.358 0.335 0.312 0.288 0.265 0.241 0.217 0.194 0.170 0.146 0.122 0.099 0.076 0.053 0.030 0.007
0.601 0.586 0.571 0.555 0.538 0.521 0.503 0.485 0.466 0.447 0.427 0.406 0.385 0.364 0.343 0.321 0.298 0.276 0.254 0.231 0.208 0.185 0.163 0.140 0.117 0.095 0.072 0.050 0.029 0.007
0.578 0.564 0.549 0.533 0.517 0.501 0.483 0.465 0.447 0.428 0.409 0.390 0.369 0.349 0.328 0.307 0.286 0.265 0.243 0.221 0.200 0.178 0.156 0.134 0.112 0.091 0.070 0.048 0.027 0.007
0.557 0.543 0.528 0.513 0.497 0.481 0.464 0.447 0.430 0.411 0.393 0.374 0.355 0.335 0.315 0.295 0.275 0.254 0.233 0.212 0.192 0.171 0.150 0.129 0.108 0.087 0.067 0.046 0.026 0.007
0.536 0.523 0.509 0.494 0.479 0.463 0.447 0.430 0.413 0.396 0.378 0.359 0.341 0.322 0.303 0.283 0.264 0.244 0.224 0.204 0.184 0.164 0.144 0.124 0.104 0.084 0.064 0.045 0.025 0.006
0.517 0.504 0.490 0.476 0.461 0.446 0.430 0.414 0.398 0.381 0.363 0.346 0.328 0.310 0.291 0.273 0.254 0.235 0.216 0.196 0.177 0.158 0.138 0.119 0.100 0.081 0.062 0.043 0.024 0.006
0.499 0.486 0.473 0.459 0.445 0.430 0.415 0.399 0.383 0.367 0.350 0.333 0.316 0.298 0.280 0.262 0.244 0.226 0.207 0.189 0.170 0.152 0.133 0.115 0.096 0.078 0.060 0.041 0.024 0.006
0.482 0.470 0.456 0.443 0.429 0.415 0.400 0.385 0.369 0.353 0.337 0.321 0.304 0.287 0.270 0.253 0.235 0.218 0.200 0.182 0.164 0.146 0.128 0.111 0.093 0.075 0.057 0.040 0.023 0.006
0.466 0.454 0.441 0.428 0.414 0.400 0.386 0.371 0.356 0.341 0.325 0.309 0.293 0.277 0.260 0.244 0.227 0.210 0.193 0.176 0.158 0.141 0.124 0.107 0.089 0.072 0.055 0.039 0.022 0.005
0.451 0.439 0.426 0.413 0.400 0.387 0.373 0.358 0.344 0.329 0.314 0.299 0.283 0.267 0.251 0.235 0.219 0.202 0.186 0.169 0.153 0.136 0.120 0.103 0.086 0.070 0.054 0.037 0.021 0.005
0.436 0.425 0.412 0.400 0.387 0.374 0.360 0.346 0.332 0.318 0.303 0.288 0.273 0.258 0.243 0.227 0.211 0.196 0.180 0.164 0.148 0.131 0.115 0.099 0.083 0.068 0.052 0.036 0.020 0.005
0.423 0.411 0.399 0.387 0.374 0.362 0.348 0.335 0.321 0.307 0.293 0.279 0.264 0.249 0.235 0.219 0.204 0.189 0.174 0.158 0.143 0.127 0.112 0.096 0.081 0.065 0.050 0.035 0.020 0.005
0.409 0.398 0.387 0.375 0.363 0.350 0.337 0.324 0.311 0.297 0.284 0.270 0.256 0.241 0.227 0.212 0.198 0.183 0.168 0.153 0.138 0.123 0.108 0.093 0.078 0.063 0.048 0.034 0.019 0.005
0.397 0.386 0.375 0.363 0.351 0.339 0.327 0.314 0.301 0.288 0.275 0.261 0.247 0.234 0.220 0.205 0.191 0.177 0.162 0.148 0.133 0.119 0.104 0.090 0.076 0.061 0.047 0.033 0.019 0.005
